10
25 38
1 0 2
1 5 1
2 1 2
2 6 1
3 2 2
3 7 1
4 3 2
4 8 1
5 9 1
6 9 1
6 10 1
6 11 1
6 12 1
7 9 1
7 10 1
7 11 1
7 12 1
7 13 1
7 14 1
7 15 1
7 16 1
7 17 1
8 9 1
8 10 1
8 11 1
8 12 1
8 13 1
8 14 1
8 15 1
8 16 1
8 17 1
8 18 1
8 19 1
8 20 1
8 21 1
8 22 1
8 23 1
8 24 1
25
1
Y
1 0
1 0
8 10
1
Y
1 0
1 1
6 8
1
Y
1 0
1 2
4 6
1
Y
1 0
1 3
2 4
1
Y
1 0
1 4
0 2
1
Y
1 0
1 5
7 7
1
Y
1 0
1 6
5 5
1
Y
1 0
1 7
3 3
1
Y
1 0
1 8
1 1
1
Y
1 0
1 9
0 10
1
Y
1 0
1 10
0 10
1
Y
1 0
1 11
0 10
1
Y
1 0
1 12
0 10
1
Y
1 0
1 13
0 10
1
Y
1 0
1 14
0 10
1
Y
1 0
1 15
0 10
1
Y
1 0
1 16
0 10
1
Y
1 0
1 17
0 10
1
Y
1 0
1 18
0 10
1
Y
1 0
1 19
0 10
1
Y
1 0
1 20
0 10
1
Y
1 0
1 21
0 10
1
Y
1 0
1 22
0 10
1
Y
1 0
1 23
0 10
1
Y
1 0
1 24
0 10
36 65
1 0 2
1 6 1
2 1 2
2 7 1
3 2 2
3 8 1
4 3 2
4 9 1
5 4 2
5 10 1
6 11 1
7 11 1
7 12 1
7 13 1
7 14 1
8 11 1
8 12 1
8 13 1
8 14 1
8 15 1
8 16 1
8 17 1
8 18 1
8 19 1
9 11 1
9 12 1
9 13 1
9 14 1
9 15 1
9 16 1
9 17 1
9 18 1
9 19 1
9 20 1
9 21 1
9 22 1
9 23 1
9 24 1
9 25 1
9 26 1
10 11 1
10 12 1
10 13 1
10 14 1
10 15 1
10 16 1
10 17 1
10 18 1
10 19 1
10 20 1
10 21 1
10 22 1
10 23 1
10 24 1
10 25 1
10 26 1
10 27 1
10 28 1
10 29 1
10 30 1
10 31 1
10 32 1
10 33 1
10 34 1
10 35 1
36
1
Y
1 0
1 0
10 12
1
Y
1 0
1 1
8 10
1
Y
1 0
1 2
6 8
1
Y
1 0
1 3
4 6
1
Y
1 0
1 4
2 4
1
Y
1 0
1 5
0 2
1
Y
1 0
1 6
9 9
1
Y
1 0
1 7
7 7
1
Y
1 0
1 8
5 5
1
Y
1 0
1 9
3 3
1
Y
1 0
1 10
1 1
1
Y
1 0
1 11
0 12
1
Y
1 0
1 12
0 12
1
Y
1 0
1 13
0 12
1
Y
1 0
1 14
0 12
1
Y
1 0
1 15
0 12
1
Y
1 0
1 16
0 12
1
Y
1 0
1 17
0 12
1
Y
1 0
1 18
0 12
1
Y
1 0
1 19
0 12
1
Y
1 0
1 20
0 12
1
Y
1 0
1 21
0 12
1
Y
1 0
1 22
0 12
1
Y
1 0
1 23
0 12
1
Y
1 0
1 24
0 12
1
Y
1 0
1 25
0 12
1
Y
1 0
1 26
0 12
1
Y
1 0
1 27
0 12
1
Y
1 0
1 28
0 12
1
Y
1 0
1 29
0 12
1
Y
1 0
1 30
0 12
1
Y
1 0
1 31
0 12
1
Y
1 0
1 32
0 12
1
Y
1 0
1 33
0 12
1
Y
1 0
1 34
0 12
1
Y
1 0
1 35
0 12
49 103
1 0 2
1 7 1
2 1 2
2 8 1
3 2 2
3 9 1
4 3 2
4 10 1
5 4 2
5 11 1
6 5 2
6 12 1
7 13 1
8 13 1
8 14 1
8 15 1
8 16 1
9 13 1
9 14 1
9 15 1
9 16 1
9 17 1
9 18 1
9 19 1
9 20 1
9 21 1
10 13 1
10 14 1
10 15 1
10 16 1
10 17 1
10 18 1
10 19 1
10 20 1
10 21 1
10 22 1
10 23 1
10 24 1
10 25 1
10 26 1
10 27 1
10 28 1
11 13 1
11 14 1
11 15 1
11 16 1
11 17 1
11 18 1
11 19 1
11 20 1
11 21 1
11 22 1
11 23 1
11 24 1
11 25 1
11 26 1
11 27 1
11 28 1
11 29 1
11 30 1
11 31 1
11 32 1
11 33 1
11 34 1
11 35 1
11 36 1
11 37 1
12 13 1
12 14 1
12 15 1
12 16 1
12 17 1
12 18 1
12 19 1
12 20 1
12 21 1
12 22 1
12 23 1
12 24 1
12 25 1
12 26 1
12 27 1
12 28 1
12 29 1
12 30 1
12 31 1
12 32 1
12 33 1
12 34 1
12 35 1
12 36 1
12 37 1
12 38 1
12 39 1
12 40 1
12 41 1
12 42 1
12 43 1
12 44 1
12 45 1
12 46 1
12 47 1
12 48 1
49
1
Y
1 0
1 0
12 14
1
Y
1 0
1 1
10 12
1
Y
1 0
1 2
8 10
1
Y
1 0
1 3
6 8
1
Y
1 0
1 4
4 6
1
Y
1 0
1 5
2 4
1
Y
1 0
1 6
0 2
1
Y
1 0
1 7
11 11
1
Y
1 0
1 8
9 9
1
Y
1 0
1 9
7 7
1
Y
1 0
1 10
5 5
1
Y
1 0
1 11
3 3
1
Y
1 0
1 12
1 1
1
Y
1 0
1 13
0 14
1
Y
1 0
1 14
0 14
1
Y
1 0
1 15
0 14
1
Y
1 0
1 16
0 14
1
Y
1 0
1 17
0 14
1
Y
1 0
1 18
0 14
1
Y
1 0
1 19
0 14
1
Y
1 0
1 20
0 14
1
Y
1 0
1 21
0 14
1
Y
1 0
1 22
0 14
1
Y
1 0
1 23
0 14
1
Y
1 0
1 24
0 14
1
Y
1 0
1 25
0 14
1
Y
1 0
1 26
0 14
1
Y
1 0
1 27
0 14
1
Y
1 0
1 28
0 14
1
Y
1 0
1 29
0 14
1
Y
1 0
1 30
0 14
1
Y
1 0
1 31
0 14
1
Y
1 0
1 32
0 14
1
Y
1 0
1 33
0 14
1
Y
1 0
1 34
0 14
1
Y
1 0
1 35
0 14
1
Y
1 0
1 36
0 14
1
Y
1 0
1 37
0 14
1
Y
1 0
1 38
0 14
1
Y
1 0
1 39
0 14
1
Y
1 0
1 40
0 14
1
Y
1 0
1 41
0 14
1
Y
1 0
1 42
0 14
1
Y
1 0
1 43
0 14
1
Y
1 0
1 44
0 14
1
Y
1 0
1 45
0 14
1
Y
1 0
1 46
0 14
1
Y
1 0
1 47
0 14
1
Y
1 0
1 48
0 14
64 154
1 0 2
1 8 1
2 1 2
2 9 1
3 2 2
3 10 1
4 3 2
4 11 1
5 4 2
5 12 1
6 5 2
6 13 1
7 6 2
7 14 1
8 15 1
9 15 1
9 16 1
9 17 1
9 18 1
10 15 1
10 16 1
10 17 1
10 18 1
10 19 1
10 20 1
10 21 1
10 22 1
10 23 1
11 15 1
11 16 1
11 17 1
11 18 1
11 19 1
11 20 1
11 21 1
11 22 1
11 23 1
11 24 1
11 25 1
11 26 1
11 27 1
11 28 1
11 29 1
11 30 1
12 15 1
12 16 1
12 17 1
12 18 1
12 19 1
12 20 1
12 21 1
12 22 1
12 23 1
12 24 1
12 25 1
12 26 1
12 27 1
12 28 1
12 29 1
12 30 1
12 31 1
12 32 1
12 33 1
12 34 1
12 35 1
12 36 1
12 37 1
12 38 1
12 39 1
13 15 1
13 16 1
13 17 1
13 18 1
13 19 1
13 20 1
13 21 1
13 22 1
13 23 1
13 24 1
13 25 1
13 26 1
13 27 1
13 28 1
13 29 1
13 30 1
13 31 1
13 32 1
13 33 1
13 34 1
13 35 1
13 36 1
13 37 1
13 38 1
13 39 1
13 40 1
13 41 1
13 42 1
13 43 1
13 44 1
13 45 1
13 46 1
13 47 1
13 48 1
13 49 1
13 50 1
14 15 1
14 16 1
14 17 1
14 18 1
14 19 1
14 20 1
14 21 1
14 22 1
14 23 1
14 24 1
14 25 1
14 26 1
14 27 1
14 28 1
14 29 1
14 30 1
14 31 1
14 32 1
14 33 1
14 34 1
14 35 1
14 36 1
14 37 1
14 38 1
14 39 1
14 40 1
14 41 1
14 42 1
14 43 1
14 44 1
14 45 1
14 46 1
14 47 1
14 48 1
14 49 1
14 50 1
14 51 1
14 52 1
14 53 1
14 54 1
14 55 1
14 56 1
14 57 1
14 58 1
14 59 1
14 60 1
14 61 1
14 62 1
14 63 1
64
1
Y
1 0
1 0
14 16
1
Y
1 0
1 1
12 14
1
Y
1 0
1 2
10 12
1
Y
1 0
1 3
8 10
1
Y
1 0
1 4
6 8
1
Y
1 0
1 5
4 6
1
Y
1 0
1 6
2 4
1
Y
1 0
1 7
0 2
1
Y
1 0
1 8
13 13
1
Y
1 0
1 9
11 11
1
Y
1 0
1 10
9 9
1
Y
1 0
1 11
7 7
1
Y
1 0
1 12
5 5
1
Y
1 0
1 13
3 3
1
Y
1 0
1 14
1 1
1
Y
1 0
1 15
0 16
1
Y
1 0
1 16
0 16
1
Y
1 0
1 17
0 16
1
Y
1 0
1 18
0 16
1
Y
1 0
1 19
0 16
1
Y
1 0
1 20
0 16
1
Y
1 0
1 21
0 16
1
Y
1 0
1 22
0 16
1
Y
1 0
1 23
0 16
1
Y
1 0
1 24
0 16
1
Y
1 0
1 25
0 16
1
Y
1 0
1 26
0 16
1
Y
1 0
1 27
0 16
1
Y
1 0
1 28
0 16
1
Y
1 0
1 29
0 16
1
Y
1 0
1 30
0 16
1
Y
1 0
1 31
0 16
1
Y
1 0
1 32
0 16
1
Y
1 0
1 33
0 16
1
Y
1 0
1 34
0 16
1
Y
1 0
1 35
0 16
1
Y
1 0
1 36
0 16
1
Y
1 0
1 37
0 16
1
Y
1 0
1 38
0 16
1
Y
1 0
1 39
0 16
1
Y
1 0
1 40
0 16
1
Y
1 0
1 41
0 16
1
Y
1 0
1 42
0 16
1
Y
1 0
1 43
0 16
1
Y
1 0
1 44
0 16
1
Y
1 0
1 45
0 16
1
Y
1 0
1 46
0 16
1
Y
1 0
1 47
0 16
1
Y
1 0
1 48
0 16
1
Y
1 0
1 49
0 16
1
Y
1 0
1 50
0 16
1
Y
1 0
1 51
0 16
1
Y
1 0
1 52
0 16
1
Y
1 0
1 53
0 16
1
Y
1 0
1 54
0 16
1
Y
1 0
1 55
0 16
1
Y
1 0
1 56
0 16
1
Y
1 0
1 57
0 16
1
Y
1 0
1 58
0 16
1
Y
1 0
1 59
0 16
1
Y
1 0
1 60
0 16
1
Y
1 0
1 61
0 16
1
Y
1 0
1 62
0 16
1
Y
1 0
1 63
0 16
81 220
1 0 2
1 9 1
2 1 2
2 10 1
3 2 2
3 11 1
4 3 2
4 12 1
5 4 2
5 13 1
6 5 2
6 14 1
7 6 2
7 15 1
8 7 2
8 16 1
9 17 1
10 17 1
10 18 1
10 19 1
10 20 1
11 17 1
11 18 1
11 19 1
11 20 1
11 21 1
11 22 1
11 23 1
11 24 1
11 25 1
12 17 1
12 18 1
12 19 1
12 20 1
12 21 1
12 22 1
12 23 1
12 24 1
12 25 1
12 26 1
12 27 1
12 28 1
12 29 1
12 30 1
12 31 1
12 32 1
13 17 1
13 18 1
13 19 1
13 20 1
13 21 1
13 22 1
13 23 1
13 24 1
13 25 1
13 26 1
13 27 1
13 28 1
13 29 1
13 30 1
13 31 1
13 32 1
13 33 1
13 34 1
13 35 1
13 36 1
13 37 1
13 38 1
13 39 1
13 40 1
13 41 1
14 17 1
14 18 1
14 19 1
14 20 1
14 21 1
14 22 1
14 23 1
14 24 1
14 25 1
14 26 1
14 27 1
14 28 1
14 29 1
14 30 1
14 31 1
14 32 1
14 33 1
14 34 1
14 35 1
14 36 1
14 37 1
14 38 1
14 39 1
14 40 1
14 41 1
14 42 1
14 43 1
14 44 1
14 45 1
14 46 1
14 47 1
14 48 1
14 49 1
14 50 1
14 51 1
14 52 1
15 17 1
15 18 1
15 19 1
15 20 1
15 21 1
15 22 1
15 23 1
15 24 1
15 25 1
15 26 1
15 27 1
15 28 1
15 29 1
15 30 1
15 31 1
15 32 1
15 33 1
15 34 1
15 35 1
15 36 1
15 37 1
15 38 1
15 39 1
15 40 1
15 41 1
15 42 1
15 43 1
15 44 1
15 45 1
15 46 1
15 47 1
15 48 1
15 49 1
15 50 1
15 51 1
15 52 1
15 53 1
15 54 1
15 55 1
15 56 1
15 57 1
15 58 1
15 59 1
15 60 1
15 61 1
15 62 1
15 63 1
15 64 1
15 65 1
16 17 1
16 18 1
16 19 1
16 20 1
16 21 1
16 22 1
16 23 1
16 24 1
16 25 1
16 26 1
16 27 1
16 28 1
16 29 1
16 30 1
16 31 1
16 32 1
16 33 1
16 34 1
16 35 1
16 36 1
16 37 1
16 38 1
16 39 1
16 40 1
16 41 1
16 42 1
16 43 1
16 44 1
16 45 1
16 46 1
16 47 1
16 48 1
16 49 1
16 50 1
16 51 1
16 52 1
16 53 1
16 54 1
16 55 1
16 56 1
16 57 1
16 58 1
16 59 1
16 60 1
16 61 1
16 62 1
16 63 1
16 64 1
16 65 1
16 66 1
16 67 1
16 68 1
16 69 1
16 70 1
16 71 1
16 72 1
16 73 1
16 74 1
16 75 1
16 76 1
16 77 1
16 78 1
16 79 1
16 80 1
81
1
Y
1 0
1 0
16 18
1
Y
1 0
1 1
14 16
1
Y
1 0
1 2
12 14
1
Y
1 0
1 3
10 12
1
Y
1 0
1 4
8 10
1
Y
1 0
1 5
6 8
1
Y
1 0
1 6
4 6
1
Y
1 0
1 7
2 4
1
Y
1 0
1 8
0 2
1
Y
1 0
1 9
15 15
1
Y
1 0
1 10
13 13
1
Y
1 0
1 11
11 11
1
Y
1 0
1 12
9 9
1
Y
1 0
1 13
7 7
1
Y
1 0
1 14
5 5
1
Y
1 0
1 15
3 3
1
Y
1 0
1 16
1 1
1
Y
1 0
1 17
0 18
1
Y
1 0
1 18
0 18
1
Y
1 0
1 19
0 18
1
Y
1 0
1 20
0 18
1
Y
1 0
1 21
0 18
1
Y
1 0
1 22
0 18
1
Y
1 0
1 23
0 18
1
Y
1 0
1 24
0 18
1
Y
1 0
1 25
0 18
1
Y
1 0
1 26
0 18
1
Y
1 0
1 27
0 18
1
Y
1 0
1 28
0 18
1
Y
1 0
1 29
0 18
1
Y
1 0
1 30
0 18
1
Y
1 0
1 31
0 18
1
Y
1 0
1 32
0 18
1
Y
1 0
1 33
0 18
1
Y
1 0
1 34
0 18
1
Y
1 0
1 35
0 18
1
Y
1 0
1 36
0 18
1
Y
1 0
1 37
0 18
1
Y
1 0
1 38
0 18
1
Y
1 0
1 39
0 18
1
Y
1 0
1 40
0 18
1
Y
1 0
1 41
0 18
1
Y
1 0
1 42
0 18
1
Y
1 0
1 43
0 18
1
Y
1 0
1 44
0 18
1
Y
1 0
1 45
0 18
1
Y
1 0
1 46
0 18
1
Y
1 0
1 47
0 18
1
Y
1 0
1 48
0 18
1
Y
1 0
1 49
0 18
1
Y
1 0
1 50
0 18
1
Y
1 0
1 51
0 18
1
Y
1 0
1 52
0 18
1
Y
1 0
1 53
0 18
1
Y
1 0
1 54
0 18
1
Y
1 0
1 55
0 18
1
Y
1 0
1 56
0 18
1
Y
1 0
1 57
0 18
1
Y
1 0
1 58
0 18
1
Y
1 0
1 59
0 18
1
Y
1 0
1 60
0 18
1
Y
1 0
1 61
0 18
1
Y
1 0
1 62
0 18
1
Y
1 0
1 63
0 18
1
Y
1 0
1 64
0 18
1
Y
1 0
1 65
0 18
1
Y
1 0
1 66
0 18
1
Y
1 0
1 67
0 18
1
Y
1 0
1 68
0 18
1
Y
1 0
1 69
0 18
1
Y
1 0
1 70
0 18
1
Y
1 0
1 71
0 18
1
Y
1 0
1 72
0 18
1
Y
1 0
1 73
0 18
1
Y
1 0
1 74
0 18
1
Y
1 0
1 75
0 18
1
Y
1 0
1 76
0 18
1
Y
1 0
1 77
0 18
1
Y
1 0
1 78
0 18
1
Y
1 0
1 79
0 18
1
Y
1 0
1 80
0 18
100 303
1 0 2
1 10 1
2 1 2
2 11 1
3 2 2
3 12 1
4 3 2
4 13 1
5 4 2
5 14 1
6 5 2
6 15 1
7 6 2
7 16 1
8 7 2
8 17 1
9 8 2
9 18 1
10 19 1
11 19 1
11 20 1
11 21 1
11 22 1
12 19 1
12 20 1
12 21 1
12 22 1
12 23 1
12 24 1
12 25 1
12 26 1
12 27 1
13 19 1
13 20 1
13 21 1
13 22 1
13 23 1
13 24 1
13 25 1
13 26 1
13 27 1
13 28 1
13 29 1
13 30 1
13 31 1
13 32 1
13 33 1
13 34 1
14 19 1
14 20 1
14 21 1
14 22 1
14 23 1
14 24 1
14 25 1
14 26 1
14 27 1
14 28 1
14 29 1
14 30 1
14 31 1
14 32 1
14 33 1
14 34 1
14 35 1
14 36 1
14 37 1
14 38 1
14 39 1
14 40 1
14 41 1
14 42 1
14 43 1
15 19 1
15 20 1
15 21 1
15 22 1
15 23 1
15 24 1
15 25 1
15 26 1
15 27 1
15 28 1
15 29 1
15 30 1
15 31 1
15 32 1
15 33 1
15 34 1
15 35 1
15 36 1
15 37 1
15 38 1
15 39 1
15 40 1
15 41 1
15 42 1
15 43 1
15 44 1
15 45 1
15 46 1
15 47 1
15 48 1
15 49 1
15 50 1
15 51 1
15 52 1
15 53 1
15 54 1
16 19 1
16 20 1
16 21 1
16 22 1
16 23 1
16 24 1
16 25 1
16 26 1
16 27 1
16 28 1
16 29 1
16 30 1
16 31 1
16 32 1
16 33 1
16 34 1
16 35 1
16 36 1
16 37 1
16 38 1
16 39 1
16 40 1
16 41 1
16 42 1
16 43 1
16 44 1
16 45 1
16 46 1
16 47 1
16 48 1
16 49 1
16 50 1
16 51 1
16 52 1
16 53 1
16 54 1
16 55 1
16 56 1
16 57 1
16 58 1
16 59 1
16 60 1
16 61 1
16 62 1
16 63 1
16 64 1
16 65 1
16 66 1
16 67 1
17 19 1
17 20 1
17 21 1
17 22 1
17 23 1
17 24 1
17 25 1
17 26 1
17 27 1
17 28 1
17 29 1
17 30 1
17 31 1
17 32 1
17 33 1
17 34 1
17 35 1
17 36 1
17 37 1
17 38 1
17 39 1
17 40 1
17 41 1
17 42 1
17 43 1
17 44 1
17 45 1
17 46 1
17 47 1
17 48 1
17 49 1
17 50 1
17 51 1
17 52 1
17 53 1
17 54 1
17 55 1
17 56 1
17 57 1
17 58 1
17 59 1
17 60 1
17 61 1
17 62 1
17 63 1
17 64 1
17 65 1
17 66 1
17 67 1
17 68 1
17 69 1
17 70 1
17 71 1
17 72 1
17 73 1
17 74 1
17 75 1
17 76 1
17 77 1
17 78 1
17 79 1
17 80 1
17 81 1
17 82 1
18 19 1
18 20 1
18 21 1
18 22 1
18 23 1
18 24 1
18 25 1
18 26 1
18 27 1
18 28 1
18 29 1
18 30 1
18 31 1
18 32 1
18 33 1
18 34 1
18 35 1
18 36 1
18 37 1
18 38 1
18 39 1
18 40 1
18 41 1
18 42 1
18 43 1
18 44 1
18 45 1
18 46 1
18 47 1
18 48 1
18 49 1
18 50 1
18 51 1
18 52 1
18 53 1
18 54 1
18 55 1
18 56 1
18 57 1
18 58 1
18 59 1
18 60 1
18 61 1
18 62 1
18 63 1
18 64 1
18 65 1
18 66 1
18 67 1
18 68 1
18 69 1
18 70 1
18 71 1
18 72 1
18 73 1
18 74 1
18 75 1
18 76 1
18 77 1
18 78 1
18 79 1
18 80 1
18 81 1
18 82 1
18 83 1
18 84 1
18 85 1
18 86 1
18 87 1
18 88 1
18 89 1
18 90 1
18 91 1
18 92 1
18 93 1
18 94 1
18 95 1
18 96 1
18 97 1
18 98 1
18 99 1
100
1
Y
1 0
1 0
18 20
1
Y
1 0
1 1
16 18
1
Y
1 0
1 2
14 16
1
Y
1 0
1 3
12 14
1
Y
1 0
1 4
10 12
1
Y
1 0
1 5
8 10
1
Y
1 0
1 6
6 8
1
Y
1 0
1 7
4 6
1
Y
1 0
1 8
2 4
1
Y
1 0
1 9
0 2
1
Y
1 0
1 10
17 17
1
Y
1 0
1 11
15 15
1
Y
1 0
1 12
13 13
1
Y
1 0
1 13
11 11
1
Y
1 0
1 14
9 9
1
Y
1 0
1 15
7 7
1
Y
1 0
1 16
5 5
1
Y
1 0
1 17
3 3
1
Y
1 0
1 18
1 1
1
Y
1 0
1 19
0 20
1
Y
1 0
1 20
0 20
1
Y
1 0
1 21
0 20
1
Y
1 0
1 22
0 20
1
Y
1 0
1 23
0 20
1
Y
1 0
1 24
0 20
1
Y
1 0
1 25
0 20
1
Y
1 0
1 26
0 20
1
Y
1 0
1 27
0 20
1
Y
1 0
1 28
0 20
1
Y
1 0
1 29
0 20
1
Y
1 0
1 30
0 20
1
Y
1 0
1 31
0 20
1
Y
1 0
1 32
0 20
1
Y
1 0
1 33
0 20
1
Y
1 0
1 34
0 20
1
Y
1 0
1 35
0 20
1
Y
1 0
1 36
0 20
1
Y
1 0
1 37
0 20
1
Y
1 0
1 38
0 20
1
Y
1 0
1 39
0 20
1
Y
1 0
1 40
0 20
1
Y
1 0
1 41
0 20
1
Y
1 0
1 42
0 20
1
Y
1 0
1 43
0 20
1
Y
1 0
1 44
0 20
1
Y
1 0
1 45
0 20
1
Y
1 0
1 46
0 20
1
Y
1 0
1 47
0 20
1
Y
1 0
1 48
0 20
1
Y
1 0
1 49
0 20
1
Y
1 0
1 50
0 20
1
Y
1 0
1 51
0 20
1
Y
1 0
1 52
0 20
1
Y
1 0
1 53
0 20
1
Y
1 0
1 54
0 20
1
Y
1 0
1 55
0 20
1
Y
1 0
1 56
0 20
1
Y
1 0
1 57
0 20
1
Y
1 0
1 58
0 20
1
Y
1 0
1 59
0 20
1
Y
1 0
1 60
0 20
1
Y
1 0
1 61
0 20
1
Y
1 0
1 62
0 20
1
Y
1 0
1 63
0 20
1
Y
1 0
1 64
0 20
1
Y
1 0
1 65
0 20
1
Y
1 0
1 66
0 20
1
Y
1 0
1 67
0 20
1
Y
1 0
1 68
0 20
1
Y
1 0
1 69
0 20
1
Y
1 0
1 70
0 20
1
Y
1 0
1 71
0 20
1
Y
1 0
1 72
0 20
1
Y
1 0
1 73
0 20
1
Y
1 0
1 74
0 20
1
Y
1 0
1 75
0 20
1
Y
1 0
1 76
0 20
1
Y
1 0
1 77
0 20
1
Y
1 0
1 78
0 20
1
Y
1 0
1 79
0 20
1
Y
1 0
1 80
0 20
1
Y
1 0
1 81
0 20
1
Y
1 0
1 82
0 20
1
Y
1 0
1 83
0 20
1
Y
1 0
1 84
0 20
1
Y
1 0
1 85
0 20
1
Y
1 0
1 86
0 20
1
Y
1 0
1 87
0 20
1
Y
1 0
1 88
0 20
1
Y
1 0
1 89
0 20
1
Y
1 0
1 90
0 20
1
Y
1 0
1 91
0 20
1
Y
1 0
1 92
0 20
1
Y
1 0
1 93
0 20
1
Y
1 0
1 94
0 20
1
Y
1 0
1 95
0 20
1
Y
1 0
1 96
0 20
1
Y
1 0
1 97
0 20
1
Y
1 0
1 98
0 20
1
Y
1 0
1 99
0 20
121 405
1 0 2
1 11 1
2 1 2
2 12 1
3 2 2
3 13 1
4 3 2
4 14 1
5 4 2
5 15 1
6 5 2
6 16 1
7 6 2
7 17 1
8 7 2
8 18 1
9 8 2
9 19 1
10 9 2
10 20 1
11 21 1
12 21 1
12 22 1
12 23 1
12 24 1
13 21 1
13 22 1
13 23 1
13 24 1
13 25 1
13 26 1
13 27 1
13 28 1
13 29 1
14 21 1
14 22 1
14 23 1
14 24 1
14 25 1
14 26 1
14 27 1
14 28 1
14 29 1
14 30 1
14 31 1
14 32 1
14 33 1
14 34 1
14 35 1
14 36 1
15 21 1
15 22 1
15 23 1
15 24 1
15 25 1
15 26 1
15 27 1
15 28 1
15 29 1
15 30 1
15 31 1
15 32 1
15 33 1
15 34 1
15 35 1
15 36 1
15 37 1
15 38 1
15 39 1
15 40 1
15 41 1
15 42 1
15 43 1
15 44 1
15 45 1
16 21 1
16 22 1
16 23 1
16 24 1
16 25 1
16 26 1
16 27 1
16 28 1
16 29 1
16 30 1
16 31 1
16 32 1
16 33 1
16 34 1
16 35 1
16 36 1
16 37 1
16 38 1
16 39 1
16 40 1
16 41 1
16 42 1
16 43 1
16 44 1
16 45 1
16 46 1
16 47 1
16 48 1
16 49 1
16 50 1
16 51 1
16 52 1
16 53 1
16 54 1
16 55 1
16 56 1
17 21 1
17 22 1
17 23 1
17 24 1
17 25 1
17 26 1
17 27 1
17 28 1
17 29 1
17 30 1
17 31 1
17 32 1
17 33 1
17 34 1
17 35 1
17 36 1
17 37 1
17 38 1
17 39 1
17 40 1
17 41 1
17 42 1
17 43 1
17 44 1
17 45 1
17 46 1
17 47 1
17 48 1
17 49 1
17 50 1
17 51 1
17 52 1
17 53 1
17 54 1
17 55 1
17 56 1
17 57 1
17 58 1
17 59 1
17 60 1
17 61 1
17 62 1
17 63 1
17 64 1
17 65 1
17 66 1
17 67 1
17 68 1
17 69 1
18 21 1
18 22 1
18 23 1
18 24 1
18 25 1
18 26 1
18 27 1
18 28 1
18 29 1
18 30 1
18 31 1
18 32 1
18 33 1
18 34 1
18 35 1
18 36 1
18 37 1
18 38 1
18 39 1
18 40 1
18 41 1
18 42 1
18 43 1
18 44 1
18 45 1
18 46 1
18 47 1
18 48 1
18 49 1
18 50 1
18 51 1
18 52 1
18 53 1
18 54 1
18 55 1
18 56 1
18 57 1
18 58 1
18 59 1
18 60 1
18 61 1
18 62 1
18 63 1
18 64 1
18 65 1
18 66 1
18 67 1
18 68 1
18 69 1
18 70 1
18 71 1
18 72 1
18 73 1
18 74 1
18 75 1
18 76 1
18 77 1
18 78 1
18 79 1
18 80 1
18 81 1
18 82 1
18 83 1
18 84 1
19 21 1
19 22 1
19 23 1
19 24 1
19 25 1
19 26 1
19 27 1
19 28 1
19 29 1
19 30 1
19 31 1
19 32 1
19 33 1
19 34 1
19 35 1
19 36 1
19 37 1
19 38 1
19 39 1
19 40 1
19 41 1
19 42 1
19 43 1
19 44 1
19 45 1
19 46 1
19 47 1
19 48 1
19 49 1
19 50 1
19 51 1
19 52 1
19 53 1
19 54 1
19 55 1
19 56 1
19 57 1
19 58 1
19 59 1
19 60 1
19 61 1
19 62 1
19 63 1
19 64 1
19 65 1
19 66 1
19 67 1
19 68 1
19 69 1
19 70 1
19 71 1
19 72 1
19 73 1
19 74 1
19 75 1
19 76 1
19 77 1
19 78 1
19 79 1
19 80 1
19 81 1
19 82 1
19 83 1
19 84 1
19 85 1
19 86 1
19 87 1
19 88 1
19 89 1
19 90 1
19 91 1
19 92 1
19 93 1
19 94 1
19 95 1
19 96 1
19 97 1
19 98 1
19 99 1
19 100 1
19 101 1
20 21 1
20 22 1
20 23 1
20 24 1
20 25 1
20 26 1
20 27 1
20 28 1
20 29 1
20 30 1
20 31 1
20 32 1
20 33 1
20 34 1
20 35 1
20 36 1
20 37 1
20 38 1
20 39 1
20 40 1
20 41 1
20 42 1
20 43 1
20 44 1
20 45 1
20 46 1
20 47 1
20 48 1
20 49 1
20 50 1
20 51 1
20 52 1
20 53 1
20 54 1
20 55 1
20 56 1
20 57 1
20 58 1
20 59 1
20 60 1
20 61 1
20 62 1
20 63 1
20 64 1
20 65 1
20 66 1
20 67 1
20 68 1
20 69 1
20 70 1
20 71 1
20 72 1
20 73 1
20 74 1
20 75 1
20 76 1
20 77 1
20 78 1
20 79 1
20 80 1
20 81 1
20 82 1
20 83 1
20 84 1
20 85 1
20 86 1
20 87 1
20 88 1
20 89 1
20 90 1
20 91 1
20 92 1
20 93 1
20 94 1
20 95 1
20 96 1
20 97 1
20 98 1
20 99 1
20 100 1
20 101 1
20 102 1
20 103 1
20 104 1
20 105 1
20 106 1
20 107 1
20 108 1
20 109 1
20 110 1
20 111 1
20 112 1
20 113 1
20 114 1
20 115 1
20 116 1
20 117 1
20 118 1
20 119 1
20 120 1
121
1
Y
1 0
1 0
20 22
1
Y
1 0
1 1
18 20
1
Y
1 0
1 2
16 18
1
Y
1 0
1 3
14 16
1
Y
1 0
1 4
12 14
1
Y
1 0
1 5
10 12
1
Y
1 0
1 6
8 10
1
Y
1 0
1 7
6 8
1
Y
1 0
1 8
4 6
1
Y
1 0
1 9
2 4
1
Y
1 0
1 10
0 2
1
Y
1 0
1 11
19 19
1
Y
1 0
1 12
17 17
1
Y
1 0
1 13
15 15
1
Y
1 0
1 14
13 13
1
Y
1 0
1 15
11 11
1
Y
1 0
1 16
9 9
1
Y
1 0
1 17
7 7
1
Y
1 0
1 18
5 5
1
Y
1 0
1 19
3 3
1
Y
1 0
1 20
1 1
1
Y
1 0
1 21
0 22
1
Y
1 0
1 22
0 22
1
Y
1 0
1 23
0 22
1
Y
1 0
1 24
0 22
1
Y
1 0
1 25
0 22
1
Y
1 0
1 26
0 22
1
Y
1 0
1 27
0 22
1
Y
1 0
1 28
0 22
1
Y
1 0
1 29
0 22
1
Y
1 0
1 30
0 22
1
Y
1 0
1 31
0 22
1
Y
1 0
1 32
0 22
1
Y
1 0
1 33
0 22
1
Y
1 0
1 34
0 22
1
Y
1 0
1 35
0 22
1
Y
1 0
1 36
0 22
1
Y
1 0
1 37
0 22
1
Y
1 0
1 38
0 22
1
Y
1 0
1 39
0 22
1
Y
1 0
1 40
0 22
1
Y
1 0
1 41
0 22
1
Y
1 0
1 42
0 22
1
Y
1 0
1 43
0 22
1
Y
1 0
1 44
0 22
1
Y
1 0
1 45
0 22
1
Y
1 0
1 46
0 22
1
Y
1 0
1 47
0 22
1
Y
1 0
1 48
0 22
1
Y
1 0
1 49
0 22
1
Y
1 0
1 50
0 22
1
Y
1 0
1 51
0 22
1
Y
1 0
1 52
0 22
1
Y
1 0
1 53
0 22
1
Y
1 0
1 54
0 22
1
Y
1 0
1 55
0 22
1
Y
1 0
1 56
0 22
1
Y
1 0
1 57
0 22
1
Y
1 0
1 58
0 22
1
Y
1 0
1 59
0 22
1
Y
1 0
1 60
0 22
1
Y
1 0
1 61
0 22
1
Y
1 0
1 62
0 22
1
Y
1 0
1 63
0 22
1
Y
1 0
1 64
0 22
1
Y
1 0
1 65
0 22
1
Y
1 0
1 66
0 22
1
Y
1 0
1 67
0 22
1
Y
1 0
1 68
0 22
1
Y
1 0
1 69
0 22
1
Y
1 0
1 70
0 22
1
Y
1 0
1 71
0 22
1
Y
1 0
1 72
0 22
1
Y
1 0
1 73
0 22
1
Y
1 0
1 74
0 22
1
Y
1 0
1 75
0 22
1
Y
1 0
1 76
0 22
1
Y
1 0
1 77
0 22
1
Y
1 0
1 78
0 22
1
Y
1 0
1 79
0 22
1
Y
1 0
1 80
0 22
1
Y
1 0
1 81
0 22
1
Y
1 0
1 82
0 22
1
Y
1 0
1 83
0 22
1
Y
1 0
1 84
0 22
1
Y
1 0
1 85
0 22
1
Y
1 0
1 86
0 22
1
Y
1 0
1 87
0 22
1
Y
1 0
1 88
0 22
1
Y
1 0
1 89
0 22
1
Y
1 0
1 90
0 22
1
Y
1 0
1 91
0 22
1
Y
1 0
1 92
0 22
1
Y
1 0
1 93
0 22
1
Y
1 0
1 94
0 22
1
Y
1 0
1 95
0 22
1
Y
1 0
1 96
0 22
1
Y
1 0
1 97
0 22
1
Y
1 0
1 98
0 22
1
Y
1 0
1 99
0 22
1
Y
1 0
1 100
0 22
1
Y
1 0
1 101
0 22
1
Y
1 0
1 102
0 22
1
Y
1 0
1 103
0 22
1
Y
1 0
1 104
0 22
1
Y
1 0
1 105
0 22
1
Y
1 0
1 106
0 22
1
Y
1 0
1 107
0 22
1
Y
1 0
1 108
0 22
1
Y
1 0
1 109
0 22
1
Y
1 0
1 110
0 22
1
Y
1 0
1 111
0 22
1
Y
1 0
1 112
0 22
1
Y
1 0
1 113
0 22
1
Y
1 0
1 114
0 22
1
Y
1 0
1 115
0 22
1
Y
1 0
1 116
0 22
1
Y
1 0
1 117
0 22
1
Y
1 0
1 118
0 22
1
Y
1 0
1 119
0 22
1
Y
1 0
1 120
0 22
144 528
1 0 2
1 12 1
2 1 2
2 13 1
3 2 2
3 14 1
4 3 2
4 15 1
5 4 2
5 16 1
6 5 2
6 17 1
7 6 2
7 18 1
8 7 2
8 19 1
9 8 2
9 20 1
10 9 2
10 21 1
11 10 2
11 22 1
12 23 1
13 23 1
13 24 1
13 25 1
13 26 1
14 23 1
14 24 1
14 25 1
14 26 1
14 27 1
14 28 1
14 29 1
14 30 1
14 31 1
15 23 1
15 24 1
15 25 1
15 26 1
15 27 1
15 28 1
15 29 1
15 30 1
15 31 1
15 32 1
15 33 1
15 34 1
15 35 1
15 36 1
15 37 1
15 38 1
16 23 1
16 24 1
16 25 1
16 26 1
16 27 1
16 28 1
16 29 1
16 30 1
16 31 1
16 32 1
16 33 1
16 34 1
16 35 1
16 36 1
16 37 1
16 38 1
16 39 1
16 40 1
16 41 1
16 42 1
16 43 1
16 44 1
16 45 1
16 46 1
16 47 1
17 23 1
17 24 1
17 25 1
17 26 1
17 27 1
17 28 1
17 29 1
17 30 1
17 31 1
17 32 1
17 33 1
17 34 1
17 35 1
17 36 1
17 37 1
17 38 1
17 39 1
17 40 1
17 41 1
17 42 1
17 43 1
17 44 1
17 45 1
17 46 1
17 47 1
17 48 1
17 49 1
17 50 1
17 51 1
17 52 1
17 53 1
17 54 1
17 55 1
17 56 1
17 57 1
17 58 1
18 23 1
18 24 1
18 25 1
18 26 1
18 27 1
18 28 1
18 29 1
18 30 1
18 31 1
18 32 1
18 33 1
18 34 1
18 35 1
18 36 1
18 37 1
18 38 1
18 39 1
18 40 1
18 41 1
18 42 1
18 43 1
18 44 1
18 45 1
18 46 1
18 47 1
18 48 1
18 49 1
18 50 1
18 51 1
18 52 1
18 53 1
18 54 1
18 55 1
18 56 1
18 57 1
18 58 1
18 59 1
18 60 1
18 61 1
18 62 1
18 63 1
18 64 1
18 65 1
18 66 1
18 67 1
18 68 1
18 69 1
18 70 1
18 71 1
19 23 1
19 24 1
19 25 1
19 26 1
19 27 1
19 28 1
19 29 1
19 30 1
19 31 1
19 32 1
19 33 1
19 34 1
19 35 1
19 36 1
19 37 1
19 38 1
19 39 1
19 40 1
19 41 1
19 42 1
19 43 1
19 44 1
19 45 1
19 46 1
19 47 1
19 48 1
19 49 1
19 50 1
19 51 1
19 52 1
19 53 1
19 54 1
19 55 1
19 56 1
19 57 1
19 58 1
19 59 1
19 60 1
19 61 1
19 62 1
19 63 1
19 64 1
19 65 1
19 66 1
19 67 1
19 68 1
19 69 1
19 70 1
19 71 1
19 72 1
19 73 1
19 74 1
19 75 1
19 76 1
19 77 1
19 78 1
19 79 1
19 80 1
19 81 1
19 82 1
19 83 1
19 84 1
19 85 1
19 86 1
20 23 1
20 24 1
20 25 1
20 26 1
20 27 1
20 28 1
20 29 1
20 30 1
20 31 1
20 32 1
20 33 1
20 34 1
20 35 1
20 36 1
20 37 1
20 38 1
20 39 1
20 40 1
20 41 1
20 42 1
20 43 1
20 44 1
20 45 1
20 46 1
20 47 1
20 48 1
20 49 1
20 50 1
20 51 1
20 52 1
20 53 1
20 54 1
20 55 1
20 56 1
20 57 1
20 58 1
20 59 1
20 60 1
20 61 1
20 62 1
20 63 1
20 64 1
20 65 1
20 66 1
20 67 1
20 68 1
20 69 1
20 70 1
20 71 1
20 72 1
20 73 1
20 74 1
20 75 1
20 76 1
20 77 1
20 78 1
20 79 1
20 80 1
20 81 1
20 82 1
20 83 1
20 84 1
20 85 1
20 86 1
20 87 1
20 88 1
20 89 1
20 90 1
20 91 1
20 92 1
20 93 1
20 94 1
20 95 1
20 96 1
20 97 1
20 98 1
20 99 1
20 100 1
20 101 1
20 102 1
20 103 1
21 23 1
21 24 1
21 25 1
21 26 1
21 27 1
21 28 1
21 29 1
21 30 1
21 31 1
21 32 1
21 33 1
21 34 1
21 35 1
21 36 1
21 37 1
21 38 1
21 39 1
21 40 1
21 41 1
21 42 1
21 43 1
21 44 1
21 45 1
21 46 1
21 47 1
21 48 1
21 49 1
21 50 1
21 51 1
21 52 1
21 53 1
21 54 1
21 55 1
21 56 1
21 57 1
21 58 1
21 59 1
21 60 1
21 61 1
21 62 1
21 63 1
21 64 1
21 65 1
21 66 1
21 67 1
21 68 1
21 69 1
21 70 1
21 71 1
21 72 1
21 73 1
21 74 1
21 75 1
21 76 1
21 77 1
21 78 1
21 79 1
21 80 1
21 81 1
21 82 1
21 83 1
21 84 1
21 85 1
21 86 1
21 87 1
21 88 1
21 89 1
21 90 1
21 91 1
21 92 1
21 93 1
21 94 1
21 95 1
21 96 1
21 97 1
21 98 1
21 99 1
21 100 1
21 101 1
21 102 1
21 103 1
21 104 1
21 105 1
21 106 1
21 107 1
21 108 1
21 109 1
21 110 1
21 111 1
21 112 1
21 113 1
21 114 1
21 115 1
21 116 1
21 117 1
21 118 1
21 119 1
21 120 1
21 121 1
21 122 1
22 23 1
22 24 1
22 25 1
22 26 1
22 27 1
22 28 1
22 29 1
22 30 1
22 31 1
22 32 1
22 33 1
22 34 1
22 35 1
22 36 1
22 37 1
22 38 1
22 39 1
22 40 1
22 41 1
22 42 1
22 43 1
22 44 1
22 45 1
22 46 1
22 47 1
22 48 1
22 49 1
22 50 1
22 51 1
22 52 1
22 53 1
22 54 1
22 55 1
22 56 1
22 57 1
22 58 1
22 59 1
22 60 1
22 61 1
22 62 1
22 63 1
22 64 1
22 65 1
22 66 1
22 67 1
22 68 1
22 69 1
22 70 1
22 71 1
22 72 1
22 73 1
22 74 1
22 75 1
22 76 1
22 77 1
22 78 1
22 79 1
22 80 1
22 81 1
22 82 1
22 83 1
22 84 1
22 85 1
22 86 1
22 87 1
22 88 1
22 89 1
22 90 1
22 91 1
22 92 1
22 93 1
22 94 1
22 95 1
22 96 1
22 97 1
22 98 1
22 99 1
22 100 1
22 101 1
22 102 1
22 103 1
22 104 1
22 105 1
22 106 1
22 107 1
22 108 1
22 109 1
22 110 1
22 111 1
22 112 1
22 113 1
22 114 1
22 115 1
22 116 1
22 117 1
22 118 1
22 119 1
22 120 1
22 121 1
22 122 1
22 123 1
22 124 1
22 125 1
22 126 1
22 127 1
22 128 1
22 129 1
22 130 1
22 131 1
22 132 1
22 133 1
22 134 1
22 135 1
22 136 1
22 137 1
22 138 1
22 139 1
22 140 1
22 141 1
22 142 1
22 143 1
144
1
Y
1 0
1 0
22 24
1
Y
1 0
1 1
20 22
1
Y
1 0
1 2
18 20
1
Y
1 0
1 3
16 18
1
Y
1 0
1 4
14 16
1
Y
1 0
1 5
12 14
1
Y
1 0
1 6
10 12
1
Y
1 0
1 7
8 10
1
Y
1 0
1 8
6 8
1
Y
1 0
1 9
4 6
1
Y
1 0
1 10
2 4
1
Y
1 0
1 11
0 2
1
Y
1 0
1 12
21 21
1
Y
1 0
1 13
19 19
1
Y
1 0
1 14
17 17
1
Y
1 0
1 15
15 15
1
Y
1 0
1 16
13 13
1
Y
1 0
1 17
11 11
1
Y
1 0
1 18
9 9
1
Y
1 0
1 19
7 7
1
Y
1 0
1 20
5 5
1
Y
1 0
1 21
3 3
1
Y
1 0
1 22
1 1
1
Y
1 0
1 23
0 24
1
Y
1 0
1 24
0 24
1
Y
1 0
1 25
0 24
1
Y
1 0
1 26
0 24
1
Y
1 0
1 27
0 24
1
Y
1 0
1 28
0 24
1
Y
1 0
1 29
0 24
1
Y
1 0
1 30
0 24
1
Y
1 0
1 31
0 24
1
Y
1 0
1 32
0 24
1
Y
1 0
1 33
0 24
1
Y
1 0
1 34
0 24
1
Y
1 0
1 35
0 24
1
Y
1 0
1 36
0 24
1
Y
1 0
1 37
0 24
1
Y
1 0
1 38
0 24
1
Y
1 0
1 39
0 24
1
Y
1 0
1 40
0 24
1
Y
1 0
1 41
0 24
1
Y
1 0
1 42
0 24
1
Y
1 0
1 43
0 24
1
Y
1 0
1 44
0 24
1
Y
1 0
1 45
0 24
1
Y
1 0
1 46
0 24
1
Y
1 0
1 47
0 24
1
Y
1 0
1 48
0 24
1
Y
1 0
1 49
0 24
1
Y
1 0
1 50
0 24
1
Y
1 0
1 51
0 24
1
Y
1 0
1 52
0 24
1
Y
1 0
1 53
0 24
1
Y
1 0
1 54
0 24
1
Y
1 0
1 55
0 24
1
Y
1 0
1 56
0 24
1
Y
1 0
1 57
0 24
1
Y
1 0
1 58
0 24
1
Y
1 0
1 59
0 24
1
Y
1 0
1 60
0 24
1
Y
1 0
1 61
0 24
1
Y
1 0
1 62
0 24
1
Y
1 0
1 63
0 24
1
Y
1 0
1 64
0 24
1
Y
1 0
1 65
0 24
1
Y
1 0
1 66
0 24
1
Y
1 0
1 67
0 24
1
Y
1 0
1 68
0 24
1
Y
1 0
1 69
0 24
1
Y
1 0
1 70
0 24
1
Y
1 0
1 71
0 24
1
Y
1 0
1 72
0 24
1
Y
1 0
1 73
0 24
1
Y
1 0
1 74
0 24
1
Y
1 0
1 75
0 24
1
Y
1 0
1 76
0 24
1
Y
1 0
1 77
0 24
1
Y
1 0
1 78
0 24
1
Y
1 0
1 79
0 24
1
Y
1 0
1 80
0 24
1
Y
1 0
1 81
0 24
1
Y
1 0
1 82
0 24
1
Y
1 0
1 83
0 24
1
Y
1 0
1 84
0 24
1
Y
1 0
1 85
0 24
1
Y
1 0
1 86
0 24
1
Y
1 0
1 87
0 24
1
Y
1 0
1 88
0 24
1
Y
1 0
1 89
0 24
1
Y
1 0
1 90
0 24
1
Y
1 0
1 91
0 24
1
Y
1 0
1 92
0 24
1
Y
1 0
1 93
0 24
1
Y
1 0
1 94
0 24
1
Y
1 0
1 95
0 24
1
Y
1 0
1 96
0 24
1
Y
1 0
1 97
0 24
1
Y
1 0
1 98
0 24
1
Y
1 0
1 99
0 24
1
Y
1 0
1 100
0 24
1
Y
1 0
1 101
0 24
1
Y
1 0
1 102
0 24
1
Y
1 0
1 103
0 24
1
Y
1 0
1 104
0 24
1
Y
1 0
1 105
0 24
1
Y
1 0
1 106
0 24
1
Y
1 0
1 107
0 24
1
Y
1 0
1 108
0 24
1
Y
1 0
1 109
0 24
1
Y
1 0
1 110
0 24
1
Y
1 0
1 111
0 24
1
Y
1 0
1 112
0 24
1
Y
1 0
1 113
0 24
1
Y
1 0
1 114
0 24
1
Y
1 0
1 115
0 24
1
Y
1 0
1 116
0 24
1
Y
1 0
1 117
0 24
1
Y
1 0
1 118
0 24
1
Y
1 0
1 119
0 24
1
Y
1 0
1 120
0 24
1
Y
1 0
1 121
0 24
1
Y
1 0
1 122
0 24
1
Y
1 0
1 123
0 24
1
Y
1 0
1 124
0 24
1
Y
1 0
1 125
0 24
1
Y
1 0
1 126
0 24
1
Y
1 0
1 127
0 24
1
Y
1 0
1 128
0 24
1
Y
1 0
1 129
0 24
1
Y
1 0
1 130
0 24
1
Y
1 0
1 131
0 24
1
Y
1 0
1 132
0 24
1
Y
1 0
1 133
0 24
1
Y
1 0
1 134
0 24
1
Y
1 0
1 135
0 24
1
Y
1 0
1 136
0 24
1
Y
1 0
1 137
0 24
1
Y
1 0
1 138
0 24
1
Y
1 0
1 139
0 24
1
Y
1 0
1 140
0 24
1
Y
1 0
1 141
0 24
1
Y
1 0
1 142
0 24
1
Y
1 0
1 143
0 24
169 674
1 0 2
1 13 1
2 1 2
2 14 1
3 2 2
3 15 1
4 3 2
4 16 1
5 4 2
5 17 1
6 5 2
6 18 1
7 6 2
7 19 1
8 7 2
8 20 1
9 8 2
9 21 1
10 9 2
10 22 1
11 10 2
11 23 1
12 11 2
12 24 1
13 25 1
14 25 1
14 26 1
14 27 1
14 28 1
15 25 1
15 26 1
15 27 1
15 28 1
15 29 1
15 30 1
15 31 1
15 32 1
15 33 1
16 25 1
16 26 1
16 27 1
16 28 1
16 29 1
16 30 1
16 31 1
16 32 1
16 33 1
16 34 1
16 35 1
16 36 1
16 37 1
16 38 1
16 39 1
16 40 1
17 25 1
17 26 1
17 27 1
17 28 1
17 29 1
17 30 1
17 31 1
17 32 1
17 33 1
17 34 1
17 35 1
17 36 1
17 37 1
17 38 1
17 39 1
17 40 1
17 41 1
17 42 1
17 43 1
17 44 1
17 45 1
17 46 1
17 47 1
17 48 1
17 49 1
18 25 1
18 26 1
18 27 1
18 28 1
18 29 1
18 30 1
18 31 1
18 32 1
18 33 1
18 34 1
18 35 1
18 36 1
18 37 1
18 38 1
18 39 1
18 40 1
18 41 1
18 42 1
18 43 1
18 44 1
18 45 1
18 46 1
18 47 1
18 48 1
18 49 1
18 50 1
18 51 1
18 52 1
18 53 1
18 54 1
18 55 1
18 56 1
18 57 1
18 58 1
18 59 1
18 60 1
19 25 1
19 26 1
19 27 1
19 28 1
19 29 1
19 30 1
19 31 1
19 32 1
19 33 1
19 34 1
19 35 1
19 36 1
19 37 1
19 38 1
19 39 1
19 40 1
19 41 1
19 42 1
19 43 1
19 44 1
19 45 1
19 46 1
19 47 1
19 48 1
19 49 1
19 50 1
19 51 1
19 52 1
19 53 1
19 54 1
19 55 1
19 56 1
19 57 1
19 58 1
19 59 1
19 60 1
19 61 1
19 62 1
19 63 1
19 64 1
19 65 1
19 66 1
19 67 1
19 68 1
19 69 1
19 70 1
19 71 1
19 72 1
19 73 1
20 25 1
20 26 1
20 27 1
20 28 1
20 29 1
20 30 1
20 31 1
20 32 1
20 33 1
20 34 1
20 35 1
20 36 1
20 37 1
20 38 1
20 39 1
20 40 1
20 41 1
20 42 1
20 43 1
20 44 1
20 45 1
20 46 1
20 47 1
20 48 1
20 49 1
20 50 1
20 51 1
20 52 1
20 53 1
20 54 1
20 55 1
20 56 1
20 57 1
20 58 1
20 59 1
20 60 1
20 61 1
20 62 1
20 63 1
20 64 1
20 65 1
20 66 1
20 67 1
20 68 1
20 69 1
20 70 1
20 71 1
20 72 1
20 73 1
20 74 1
20 75 1
20 76 1
20 77 1
20 78 1
20 79 1
20 80 1
20 81 1
20 82 1
20 83 1
20 84 1
20 85 1
20 86 1
20 87 1
20 88 1
21 25 1
21 26 1
21 27 1
21 28 1
21 29 1
21 30 1
21 31 1
21 32 1
21 33 1
21 34 1
21 35 1
21 36 1
21 37 1
21 38 1
21 39 1
21 40 1
21 41 1
21 42 1
21 43 1
21 44 1
21 45 1
21 46 1
21 47 1
21 48 1
21 49 1
21 50 1
21 51 1
21 52 1
21 53 1
21 54 1
21 55 1
21 56 1
21 57 1
21 58 1
21 59 1
21 60 1
21 61 1
21 62 1
21 63 1
21 64 1
21 65 1
21 66 1
21 67 1
21 68 1
21 69 1
21 70 1
21 71 1
21 72 1
21 73 1
21 74 1
21 75 1
21 76 1
21 77 1
21 78 1
21 79 1
21 80 1
21 81 1
21 82 1
21 83 1
21 84 1
21 85 1
21 86 1
21 87 1
21 88 1
21 89 1
21 90 1
21 91 1
21 92 1
21 93 1
21 94 1
21 95 1
21 96 1
21 97 1
21 98 1
21 99 1
21 100 1
21 101 1
21 102 1
21 103 1
21 104 1
21 105 1
22 25 1
22 26 1
22 27 1
22 28 1
22 29 1
22 30 1
22 31 1
22 32 1
22 33 1
22 34 1
22 35 1
22 36 1
22 37 1
22 38 1
22 39 1
22 40 1
22 41 1
22 42 1
22 43 1
22 44 1
22 45 1
22 46 1
22 47 1
22 48 1
22 49 1
22 50 1
22 51 1
22 52 1
22 53 1
22 54 1
22 55 1
22 56 1
22 57 1
22 58 1
22 59 1
22 60 1
22 61 1
22 62 1
22 63 1
22 64 1
22 65 1
22 66 1
22 67 1
22 68 1
22 69 1
22 70 1
22 71 1
22 72 1
22 73 1
22 74 1
22 75 1
22 76 1
22 77 1
22 78 1
22 79 1
22 80 1
22 81 1
22 82 1
22 83 1
22 84 1
22 85 1
22 86 1
22 87 1
22 88 1
22 89 1
22 90 1
22 91 1
22 92 1
22 93 1
22 94 1
22 95 1
22 96 1
22 97 1
22 98 1
22 99 1
22 100 1
22 101 1
22 102 1
22 103 1
22 104 1
22 105 1
22 106 1
22 107 1
22 108 1
22 109 1
22 110 1
22 111 1
22 112 1
22 113 1
22 114 1
22 115 1
22 116 1
22 117 1
22 118 1
22 119 1
22 120 1
22 121 1
22 122 1
22 123 1
22 124 1
23 25 1
23 26 1
23 27 1
23 28 1
23 29 1
23 30 1
23 31 1
23 32 1
23 33 1
23 34 1
23 35 1
23 36 1
23 37 1
23 38 1
23 39 1
23 40 1
23 41 1
23 42 1
23 43 1
23 44 1
23 45 1
23 46 1
23 47 1
23 48 1
23 49 1
23 50 1
23 51 1
23 52 1
23 53 1
23 54 1
23 55 1
23 56 1
23 57 1
23 58 1
23 59 1
23 60 1
23 61 1
23 62 1
23 63 1
23 64 1
23 65 1
23 66 1
23 67 1
23 68 1
23 69 1
23 70 1
23 71 1
23 72 1
23 73 1
23 74 1
23 75 1
23 76 1
23 77 1
23 78 1
23 79 1
23 80 1
23 81 1
23 82 1
23 83 1
23 84 1
23 85 1
23 86 1
23 87 1
23 88 1
23 89 1
23 90 1
23 91 1
23 92 1
23 93 1
23 94 1
23 95 1
23 96 1
23 97 1
23 98 1
23 99 1
23 100 1
23 101 1
23 102 1
23 103 1
23 104 1
23 105 1
23 106 1
23 107 1
23 108 1
23 109 1
23 110 1
23 111 1
23 112 1
23 113 1
23 114 1
23 115 1
23 116 1
23 117 1
23 118 1
23 119 1
23 120 1
23 121 1
23 122 1
23 123 1
23 124 1
23 125 1
23 126 1
23 127 1
23 128 1
23 129 1
23 130 1
23 131 1
23 132 1
23 133 1
23 134 1
23 135 1
23 136 1
23 137 1
23 138 1
23 139 1
23 140 1
23 141 1
23 142 1
23 143 1
23 144 1
23 145 1
24 25 1
24 26 1
24 27 1
24 28 1
24 29 1
24 30 1
24 31 1
24 32 1
24 33 1
24 34 1
24 35 1
24 36 1
24 37 1
24 38 1
24 39 1
24 40 1
24 41 1
24 42 1
24 43 1
24 44 1
24 45 1
24 46 1
24 47 1
24 48 1
24 49 1
24 50 1
24 51 1
24 52 1
24 53 1
24 54 1
24 55 1
24 56 1
24 57 1
24 58 1
24 59 1
24 60 1
24 61 1
24 62 1
24 63 1
24 64 1
24 65 1
24 66 1
24 67 1
24 68 1
24 69 1
24 70 1
24 71 1
24 72 1
24 73 1
24 74 1
24 75 1
24 76 1
24 77 1
24 78 1
24 79 1
24 80 1
24 81 1
24 82 1
24 83 1
24 84 1
24 85 1
24 86 1
24 87 1
24 88 1
24 89 1
24 90 1
24 91 1
24 92 1
24 93 1
24 94 1
24 95 1
24 96 1
24 97 1
24 98 1
24 99 1
24 100 1
24 101 1
24 102 1
24 103 1
24 104 1
24 105 1
24 106 1
24 107 1
24 108 1
24 109 1
24 110 1
24 111 1
24 112 1
24 113 1
24 114 1
24 115 1
24 116 1
24 117 1
24 118 1
24 119 1
24 120 1
24 121 1
24 122 1
24 123 1
24 124 1
24 125 1
24 126 1
24 127 1
24 128 1
24 129 1
24 130 1
24 131 1
24 132 1
24 133 1
24 134 1
24 135 1
24 136 1
24 137 1
24 138 1
24 139 1
24 140 1
24 141 1
24 142 1
24 143 1
24 144 1
24 145 1
24 146 1
24 147 1
24 148 1
24 149 1
24 150 1
24 151 1
24 152 1
24 153 1
24 154 1
24 155 1
24 156 1
24 157 1
24 158 1
24 159 1
24 160 1
24 161 1
24 162 1
24 163 1
24 164 1
24 165 1
24 166 1
24 167 1
24 168 1
169
1
Y
1 0
1 0
24 26
1
Y
1 0
1 1
22 24
1
Y
1 0
1 2
20 22
1
Y
1 0
1 3
18 20
1
Y
1 0
1 4
16 18
1
Y
1 0
1 5
14 16
1
Y
1 0
1 6
12 14
1
Y
1 0
1 7
10 12
1
Y
1 0
1 8
8 10
1
Y
1 0
1 9
6 8
1
Y
1 0
1 10
4 6
1
Y
1 0
1 11
2 4
1
Y
1 0
1 12
0 2
1
Y
1 0
1 13
23 23
1
Y
1 0
1 14
21 21
1
Y
1 0
1 15
19 19
1
Y
1 0
1 16
17 17
1
Y
1 0
1 17
15 15
1
Y
1 0
1 18
13 13
1
Y
1 0
1 19
11 11
1
Y
1 0
1 20
9 9
1
Y
1 0
1 21
7 7
1
Y
1 0
1 22
5 5
1
Y
1 0
1 23
3 3
1
Y
1 0
1 24
1 1
1
Y
1 0
1 25
0 26
1
Y
1 0
1 26
0 26
1
Y
1 0
1 27
0 26
1
Y
1 0
1 28
0 26
1
Y
1 0
1 29
0 26
1
Y
1 0
1 30
0 26
1
Y
1 0
1 31
0 26
1
Y
1 0
1 32
0 26
1
Y
1 0
1 33
0 26
1
Y
1 0
1 34
0 26
1
Y
1 0
1 35
0 26
1
Y
1 0
1 36
0 26
1
Y
1 0
1 37
0 26
1
Y
1 0
1 38
0 26
1
Y
1 0
1 39
0 26
1
Y
1 0
1 40
0 26
1
Y
1 0
1 41
0 26
1
Y
1 0
1 42
0 26
1
Y
1 0
1 43
0 26
1
Y
1 0
1 44
0 26
1
Y
1 0
1 45
0 26
1
Y
1 0
1 46
0 26
1
Y
1 0
1 47
0 26
1
Y
1 0
1 48
0 26
1
Y
1 0
1 49
0 26
1
Y
1 0
1 50
0 26
1
Y
1 0
1 51
0 26
1
Y
1 0
1 52
0 26
1
Y
1 0
1 53
0 26
1
Y
1 0
1 54
0 26
1
Y
1 0
1 55
0 26
1
Y
1 0
1 56
0 26
1
Y
1 0
1 57
0 26
1
Y
1 0
1 58
0 26
1
Y
1 0
1 59
0 26
1
Y
1 0
1 60
0 26
1
Y
1 0
1 61
0 26
1
Y
1 0
1 62
0 26
1
Y
1 0
1 63
0 26
1
Y
1 0
1 64
0 26
1
Y
1 0
1 65
0 26
1
Y
1 0
1 66
0 26
1
Y
1 0
1 67
0 26
1
Y
1 0
1 68
0 26
1
Y
1 0
1 69
0 26
1
Y
1 0
1 70
0 26
1
Y
1 0
1 71
0 26
1
Y
1 0
1 72
0 26
1
Y
1 0
1 73
0 26
1
Y
1 0
1 74
0 26
1
Y
1 0
1 75
0 26
1
Y
1 0
1 76
0 26
1
Y
1 0
1 77
0 26
1
Y
1 0
1 78
0 26
1
Y
1 0
1 79
0 26
1
Y
1 0
1 80
0 26
1
Y
1 0
1 81
0 26
1
Y
1 0
1 82
0 26
1
Y
1 0
1 83
0 26
1
Y
1 0
1 84
0 26
1
Y
1 0
1 85
0 26
1
Y
1 0
1 86
0 26
1
Y
1 0
1 87
0 26
1
Y
1 0
1 88
0 26
1
Y
1 0
1 89
0 26
1
Y
1 0
1 90
0 26
1
Y
1 0
1 91
0 26
1
Y
1 0
1 92
0 26
1
Y
1 0
1 93
0 26
1
Y
1 0
1 94
0 26
1
Y
1 0
1 95
0 26
1
Y
1 0
1 96
0 26
1
Y
1 0
1 97
0 26
1
Y
1 0
1 98
0 26
1
Y
1 0
1 99
0 26
1
Y
1 0
1 100
0 26
1
Y
1 0
1 101
0 26
1
Y
1 0
1 102
0 26
1
Y
1 0
1 103
0 26
1
Y
1 0
1 104
0 26
1
Y
1 0
1 105
0 26
1
Y
1 0
1 106
0 26
1
Y
1 0
1 107
0 26
1
Y
1 0
1 108
0 26
1
Y
1 0
1 109
0 26
1
Y
1 0
1 110
0 26
1
Y
1 0
1 111
0 26
1
Y
1 0
1 112
0 26
1
Y
1 0
1 113
0 26
1
Y
1 0
1 114
0 26
1
Y
1 0
1 115
0 26
1
Y
1 0
1 116
0 26
1
Y
1 0
1 117
0 26
1
Y
1 0
1 118
0 26
1
Y
1 0
1 119
0 26
1
Y
1 0
1 120
0 26
1
Y
1 0
1 121
0 26
1
Y
1 0
1 122
0 26
1
Y
1 0
1 123
0 26
1
Y
1 0
1 124
0 26
1
Y
1 0
1 125
0 26
1
Y
1 0
1 126
0 26
1
Y
1 0
1 127
0 26
1
Y
1 0
1 128
0 26
1
Y
1 0
1 129
0 26
1
Y
1 0
1 130
0 26
1
Y
1 0
1 131
0 26
1
Y
1 0
1 132
0 26
1
Y
1 0
1 133
0 26
1
Y
1 0
1 134
0 26
1
Y
1 0
1 135
0 26
1
Y
1 0
1 136
0 26
1
Y
1 0
1 137
0 26
1
Y
1 0
1 138
0 26
1
Y
1 0
1 139
0 26
1
Y
1 0
1 140
0 26
1
Y
1 0
1 141
0 26
1
Y
1 0
1 142
0 26
1
Y
1 0
1 143
0 26
1
Y
1 0
1 144
0 26
1
Y
1 0
1 145
0 26
1
Y
1 0
1 146
0 26
1
Y
1 0
1 147
0 26
1
Y
1 0
1 148
0 26
1
Y
1 0
1 149
0 26
1
Y
1 0
1 150
0 26
1
Y
1 0
1 151
0 26
1
Y
1 0
1 152
0 26
1
Y
1 0
1 153
0 26
1
Y
1 0
1 154
0 26
1
Y
1 0
1 155
0 26
1
Y
1 0
1 156
0 26
1
Y
1 0
1 157
0 26
1
Y
1 0
1 158
0 26
1
Y
1 0
1 159
0 26
1
Y
1 0
1 160
0 26
1
Y
1 0
1 161
0 26
1
Y
1 0
1 162
0 26
1
Y
1 0
1 163
0 26
1
Y
1 0
1 164
0 26
1
Y
1 0
1 165
0 26
1
Y
1 0
1 166
0 26
1
Y
1 0
1 167
0 26
1
Y
1 0
1 168
0 26
196 845
1 0 2
1 14 1
2 1 2
2 15 1
3 2 2
3 16 1
4 3 2
4 17 1
5 4 2
5 18 1
6 5 2
6 19 1
7 6 2
7 20 1
8 7 2
8 21 1
9 8 2
9 22 1
10 9 2
10 23 1
11 10 2
11 24 1
12 11 2
12 25 1
13 12 2
13 26 1
14 27 1
15 27 1
15 28 1
15 29 1
15 30 1
16 27 1
16 28 1
16 29 1
16 30 1
16 31 1
16 32 1
16 33 1
16 34 1
16 35 1
17 27 1
17 28 1
17 29 1
17 30 1
17 31 1
17 32 1
17 33 1
17 34 1
17 35 1
17 36 1
17 37 1
17 38 1
17 39 1
17 40 1
17 41 1
17 42 1
18 27 1
18 28 1
18 29 1
18 30 1
18 31 1
18 32 1
18 33 1
18 34 1
18 35 1
18 36 1
18 37 1
18 38 1
18 39 1
18 40 1
18 41 1
18 42 1
18 43 1
18 44 1
18 45 1
18 46 1
18 47 1
18 48 1
18 49 1
18 50 1
18 51 1
19 27 1
19 28 1
19 29 1
19 30 1
19 31 1
19 32 1
19 33 1
19 34 1
19 35 1
19 36 1
19 37 1
19 38 1
19 39 1
19 40 1
19 41 1
19 42 1
19 43 1
19 44 1
19 45 1
19 46 1
19 47 1
19 48 1
19 49 1
19 50 1
19 51 1
19 52 1
19 53 1
19 54 1
19 55 1
19 56 1
19 57 1
19 58 1
19 59 1
19 60 1
19 61 1
19 62 1
20 27 1
20 28 1
20 29 1
20 30 1
20 31 1
20 32 1
20 33 1
20 34 1
20 35 1
20 36 1
20 37 1
20 38 1
20 39 1
20 40 1
20 41 1
20 42 1
20 43 1
20 44 1
20 45 1
20 46 1
20 47 1
20 48 1
20 49 1
20 50 1
20 51 1
20 52 1
20 53 1
20 54 1
20 55 1
20 56 1
20 57 1
20 58 1
20 59 1
20 60 1
20 61 1
20 62 1
20 63 1
20 64 1
20 65 1
20 66 1
20 67 1
20 68 1
20 69 1
20 70 1
20 71 1
20 72 1
20 73 1
20 74 1
20 75 1
21 27 1
21 28 1
21 29 1
21 30 1
21 31 1
21 32 1
21 33 1
21 34 1
21 35 1
21 36 1
21 37 1
21 38 1
21 39 1
21 40 1
21 41 1
21 42 1
21 43 1
21 44 1
21 45 1
21 46 1
21 47 1
21 48 1
21 49 1
21 50 1
21 51 1
21 52 1
21 53 1
21 54 1
21 55 1
21 56 1
21 57 1
21 58 1
21 59 1
21 60 1
21 61 1
21 62 1
21 63 1
21 64 1
21 65 1
21 66 1
21 67 1
21 68 1
21 69 1
21 70 1
21 71 1
21 72 1
21 73 1
21 74 1
21 75 1
21 76 1
21 77 1
21 78 1
21 79 1
21 80 1
21 81 1
21 82 1
21 83 1
21 84 1
21 85 1
21 86 1
21 87 1
21 88 1
21 89 1
21 90 1
22 27 1
22 28 1
22 29 1
22 30 1
22 31 1
22 32 1
22 33 1
22 34 1
22 35 1
22 36 1
22 37 1
22 38 1
22 39 1
22 40 1
22 41 1
22 42 1
22 43 1
22 44 1
22 45 1
22 46 1
22 47 1
22 48 1
22 49 1
22 50 1
22 51 1
22 52 1
22 53 1
22 54 1
22 55 1
22 56 1
22 57 1
22 58 1
22 59 1
22 60 1
22 61 1
22 62 1
22 63 1
22 64 1
22 65 1
22 66 1
22 67 1
22 68 1
22 69 1
22 70 1
22 71 1
22 72 1
22 73 1
22 74 1
22 75 1
22 76 1
22 77 1
22 78 1
22 79 1
22 80 1
22 81 1
22 82 1
22 83 1
22 84 1
22 85 1
22 86 1
22 87 1
22 88 1
22 89 1
22 90 1
22 91 1
22 92 1
22 93 1
22 94 1
22 95 1
22 96 1
22 97 1
22 98 1
22 99 1
22 100 1
22 101 1
22 102 1
22 103 1
22 104 1
22 105 1
22 106 1
22 107 1
23 27 1
23 28 1
23 29 1
23 30 1
23 31 1
23 32 1
23 33 1
23 34 1
23 35 1
23 36 1
23 37 1
23 38 1
23 39 1
23 40 1
23 41 1
23 42 1
23 43 1
23 44 1
23 45 1
23 46 1
23 47 1
23 48 1
23 49 1
23 50 1
23 51 1
23 52 1
23 53 1
23 54 1
23 55 1
23 56 1
23 57 1
23 58 1
23 59 1
23 60 1
23 61 1
23 62 1
23 63 1
23 64 1
23 65 1
23 66 1
23 67 1
23 68 1
23 69 1
23 70 1
23 71 1
23 72 1
23 73 1
23 74 1
23 75 1
23 76 1
23 77 1
23 78 1
23 79 1
23 80 1
23 81 1
23 82 1
23 83 1
23 84 1
23 85 1
23 86 1
23 87 1
23 88 1
23 89 1
23 90 1
23 91 1
23 92 1
23 93 1
23 94 1
23 95 1
23 96 1
23 97 1
23 98 1
23 99 1
23 100 1
23 101 1
23 102 1
23 103 1
23 104 1
23 105 1
23 106 1
23 107 1
23 108 1
23 109 1
23 110 1
23 111 1
23 112 1
23 113 1
23 114 1
23 115 1
23 116 1
23 117 1
23 118 1
23 119 1
23 120 1
23 121 1
23 122 1
23 123 1
23 124 1
23 125 1
23 126 1
24 27 1
24 28 1
24 29 1
24 30 1
24 31 1
24 32 1
24 33 1
24 34 1
24 35 1
24 36 1
24 37 1
24 38 1
24 39 1
24 40 1
24 41 1
24 42 1
24 43 1
24 44 1
24 45 1
24 46 1
24 47 1
24 48 1
24 49 1
24 50 1
24 51 1
24 52 1
24 53 1
24 54 1
24 55 1
24 56 1
24 57 1
24 58 1
24 59 1
24 60 1
24 61 1
24 62 1
24 63 1
24 64 1
24 65 1
24 66 1
24 67 1
24 68 1
24 69 1
24 70 1
24 71 1
24 72 1
24 73 1
24 74 1
24 75 1
24 76 1
24 77 1
24 78 1
24 79 1
24 80 1
24 81 1
24 82 1
24 83 1
24 84 1
24 85 1
24 86 1
24 87 1
24 88 1
24 89 1
24 90 1
24 91 1
24 92 1
24 93 1
24 94 1
24 95 1
24 96 1
24 97 1
24 98 1
24 99 1
24 100 1
24 101 1
24 102 1
24 103 1
24 104 1
24 105 1
24 106 1
24 107 1
24 108 1
24 109 1
24 110 1
24 111 1
24 112 1
24 113 1
24 114 1
24 115 1
24 116 1
24 117 1
24 118 1
24 119 1
24 120 1
24 121 1
24 122 1
24 123 1
24 124 1
24 125 1
24 126 1
24 127 1
24 128 1
24 129 1
24 130 1
24 131 1
24 132 1
24 133 1
24 134 1
24 135 1
24 136 1
24 137 1
24 138 1
24 139 1
24 140 1
24 141 1
24 142 1
24 143 1
24 144 1
24 145 1
24 146 1
24 147 1
25 27 1
25 28 1
25 29 1
25 30 1
25 31 1
25 32 1
25 33 1
25 34 1
25 35 1
25 36 1
25 37 1
25 38 1
25 39 1
25 40 1
25 41 1
25 42 1
25 43 1
25 44 1
25 45 1
25 46 1
25 47 1
25 48 1
25 49 1
25 50 1
25 51 1
25 52 1
25 53 1
25 54 1
25 55 1
25 56 1
25 57 1
25 58 1
25 59 1
25 60 1
25 61 1
25 62 1
25 63 1
25 64 1
25 65 1
25 66 1
25 67 1
25 68 1
25 69 1
25 70 1
25 71 1
25 72 1
25 73 1
25 74 1
25 75 1
25 76 1
25 77 1
25 78 1
25 79 1
25 80 1
25 81 1
25 82 1
25 83 1
25 84 1
25 85 1
25 86 1
25 87 1
25 88 1
25 89 1
25 90 1
25 91 1
25 92 1
25 93 1
25 94 1
25 95 1
25 96 1
25 97 1
25 98 1
25 99 1
25 100 1
25 101 1
25 102 1
25 103 1
25 104 1
25 105 1
25 106 1
25 107 1
25 108 1
25 109 1
25 110 1
25 111 1
25 112 1
25 113 1
25 114 1
25 115 1
25 116 1
25 117 1
25 118 1
25 119 1
25 120 1
25 121 1
25 122 1
25 123 1
25 124 1
25 125 1
25 126 1
25 127 1
25 128 1
25 129 1
25 130 1
25 131 1
25 132 1
25 133 1
25 134 1
25 135 1
25 136 1
25 137 1
25 138 1
25 139 1
25 140 1
25 141 1
25 142 1
25 143 1
25 144 1
25 145 1
25 146 1
25 147 1
25 148 1
25 149 1
25 150 1
25 151 1
25 152 1
25 153 1
25 154 1
25 155 1
25 156 1
25 157 1
25 158 1
25 159 1
25 160 1
25 161 1
25 162 1
25 163 1
25 164 1
25 165 1
25 166 1
25 167 1
25 168 1
25 169 1
25 170 1
26 27 1
26 28 1
26 29 1
26 30 1
26 31 1
26 32 1
26 33 1
26 34 1
26 35 1
26 36 1
26 37 1
26 38 1
26 39 1
26 40 1
26 41 1
26 42 1
26 43 1
26 44 1
26 45 1
26 46 1
26 47 1
26 48 1
26 49 1
26 50 1
26 51 1
26 52 1
26 53 1
26 54 1
26 55 1
26 56 1
26 57 1
26 58 1
26 59 1
26 60 1
26 61 1
26 62 1
26 63 1
26 64 1
26 65 1
26 66 1
26 67 1
26 68 1
26 69 1
26 70 1
26 71 1
26 72 1
26 73 1
26 74 1
26 75 1
26 76 1
26 77 1
26 78 1
26 79 1
26 80 1
26 81 1
26 82 1
26 83 1
26 84 1
26 85 1
26 86 1
26 87 1
26 88 1
26 89 1
26 90 1
26 91 1
26 92 1
26 93 1
26 94 1
26 95 1
26 96 1
26 97 1
26 98 1
26 99 1
26 100 1
26 101 1
26 102 1
26 103 1
26 104 1
26 105 1
26 106 1
26 107 1
26 108 1
26 109 1
26 110 1
26 111 1
26 112 1
26 113 1
26 114 1
26 115 1
26 116 1
26 117 1
26 118 1
26 119 1
26 120 1
26 121 1
26 122 1
26 123 1
26 124 1
26 125 1
26 126 1
26 127 1
26 128 1
26 129 1
26 130 1
26 131 1
26 132 1
26 133 1
26 134 1
26 135 1
26 136 1
26 137 1
26 138 1
26 139 1
26 140 1
26 141 1
26 142 1
26 143 1
26 144 1
26 145 1
26 146 1
26 147 1
26 148 1
26 149 1
26 150 1
26 151 1
26 152 1
26 153 1
26 154 1
26 155 1
26 156 1
26 157 1
26 158 1
26 159 1
26 160 1
26 161 1
26 162 1
26 163 1
26 164 1
26 165 1
26 166 1
26 167 1
26 168 1
26 169 1
26 170 1
26 171 1
26 172 1
26 173 1
26 174 1
26 175 1
26 176 1
26 177 1
26 178 1
26 179 1
26 180 1
26 181 1
26 182 1
26 183 1
26 184 1
26 185 1
26 186 1
26 187 1
26 188 1
26 189 1
26 190 1
26 191 1
26 192 1
26 193 1
26 194 1
26 195 1
196
1
Y
1 0
1 0
26 28
1
Y
1 0
1 1
24 26
1
Y
1 0
1 2
22 24
1
Y
1 0
1 3
20 22
1
Y
1 0
1 4
18 20
1
Y
1 0
1 5
16 18
1
Y
1 0
1 6
14 16
1
Y
1 0
1 7
12 14
1
Y
1 0
1 8
10 12
1
Y
1 0
1 9
8 10
1
Y
1 0
1 10
6 8
1
Y
1 0
1 11
4 6
1
Y
1 0
1 12
2 4
1
Y
1 0
1 13
0 2
1
Y
1 0
1 14
25 25
1
Y
1 0
1 15
23 23
1
Y
1 0
1 16
21 21
1
Y
1 0
1 17
19 19
1
Y
1 0
1 18
17 17
1
Y
1 0
1 19
15 15
1
Y
1 0
1 20
13 13
1
Y
1 0
1 21
11 11
1
Y
1 0
1 22
9 9
1
Y
1 0
1 23
7 7
1
Y
1 0
1 24
5 5
1
Y
1 0
1 25
3 3
1
Y
1 0
1 26
1 1
1
Y
1 0
1 27
0 28
1
Y
1 0
1 28
0 28
1
Y
1 0
1 29
0 28
1
Y
1 0
1 30
0 28
1
Y
1 0
1 31
0 28
1
Y
1 0
1 32
0 28
1
Y
1 0
1 33
0 28
1
Y
1 0
1 34
0 28
1
Y
1 0
1 35
0 28
1
Y
1 0
1 36
0 28
1
Y
1 0
1 37
0 28
1
Y
1 0
1 38
0 28
1
Y
1 0
1 39
0 28
1
Y
1 0
1 40
0 28
1
Y
1 0
1 41
0 28
1
Y
1 0
1 42
0 28
1
Y
1 0
1 43
0 28
1
Y
1 0
1 44
0 28
1
Y
1 0
1 45
0 28
1
Y
1 0
1 46
0 28
1
Y
1 0
1 47
0 28
1
Y
1 0
1 48
0 28
1
Y
1 0
1 49
0 28
1
Y
1 0
1 50
0 28
1
Y
1 0
1 51
0 28
1
Y
1 0
1 52
0 28
1
Y
1 0
1 53
0 28
1
Y
1 0
1 54
0 28
1
Y
1 0
1 55
0 28
1
Y
1 0
1 56
0 28
1
Y
1 0
1 57
0 28
1
Y
1 0
1 58
0 28
1
Y
1 0
1 59
0 28
1
Y
1 0
1 60
0 28
1
Y
1 0
1 61
0 28
1
Y
1 0
1 62
0 28
1
Y
1 0
1 63
0 28
1
Y
1 0
1 64
0 28
1
Y
1 0
1 65
0 28
1
Y
1 0
1 66
0 28
1
Y
1 0
1 67
0 28
1
Y
1 0
1 68
0 28
1
Y
1 0
1 69
0 28
1
Y
1 0
1 70
0 28
1
Y
1 0
1 71
0 28
1
Y
1 0
1 72
0 28
1
Y
1 0
1 73
0 28
1
Y
1 0
1 74
0 28
1
Y
1 0
1 75
0 28
1
Y
1 0
1 76
0 28
1
Y
1 0
1 77
0 28
1
Y
1 0
1 78
0 28
1
Y
1 0
1 79
0 28
1
Y
1 0
1 80
0 28
1
Y
1 0
1 81
0 28
1
Y
1 0
1 82
0 28
1
Y
1 0
1 83
0 28
1
Y
1 0
1 84
0 28
1
Y
1 0
1 85
0 28
1
Y
1 0
1 86
0 28
1
Y
1 0
1 87
0 28
1
Y
1 0
1 88
0 28
1
Y
1 0
1 89
0 28
1
Y
1 0
1 90
0 28
1
Y
1 0
1 91
0 28
1
Y
1 0
1 92
0 28
1
Y
1 0
1 93
0 28
1
Y
1 0
1 94
0 28
1
Y
1 0
1 95
0 28
1
Y
1 0
1 96
0 28
1
Y
1 0
1 97
0 28
1
Y
1 0
1 98
0 28
1
Y
1 0
1 99
0 28
1
Y
1 0
1 100
0 28
1
Y
1 0
1 101
0 28
1
Y
1 0
1 102
0 28
1
Y
1 0
1 103
0 28
1
Y
1 0
1 104
0 28
1
Y
1 0
1 105
0 28
1
Y
1 0
1 106
0 28
1
Y
1 0
1 107
0 28
1
Y
1 0
1 108
0 28
1
Y
1 0
1 109
0 28
1
Y
1 0
1 110
0 28
1
Y
1 0
1 111
0 28
1
Y
1 0
1 112
0 28
1
Y
1 0
1 113
0 28
1
Y
1 0
1 114
0 28
1
Y
1 0
1 115
0 28
1
Y
1 0
1 116
0 28
1
Y
1 0
1 117
0 28
1
Y
1 0
1 118
0 28
1
Y
1 0
1 119
0 28
1
Y
1 0
1 120
0 28
1
Y
1 0
1 121
0 28
1
Y
1 0
1 122
0 28
1
Y
1 0
1 123
0 28
1
Y
1 0
1 124
0 28
1
Y
1 0
1 125
0 28
1
Y
1 0
1 126
0 28
1
Y
1 0
1 127
0 28
1
Y
1 0
1 128
0 28
1
Y
1 0
1 129
0 28
1
Y
1 0
1 130
0 28
1
Y
1 0
1 131
0 28
1
Y
1 0
1 132
0 28
1
Y
1 0
1 133
0 28
1
Y
1 0
1 134
0 28
1
Y
1 0
1 135
0 28
1
Y
1 0
1 136
0 28
1
Y
1 0
1 137
0 28
1
Y
1 0
1 138
0 28
1
Y
1 0
1 139
0 28
1
Y
1 0
1 140
0 28
1
Y
1 0
1 141
0 28
1
Y
1 0
1 142
0 28
1
Y
1 0
1 143
0 28
1
Y
1 0
1 144
0 28
1
Y
1 0
1 145
0 28
1
Y
1 0
1 146
0 28
1
Y
1 0
1 147
0 28
1
Y
1 0
1 148
0 28
1
Y
1 0
1 149
0 28
1
Y
1 0
1 150
0 28
1
Y
1 0
1 151
0 28
1
Y
1 0
1 152
0 28
1
Y
1 0
1 153
0 28
1
Y
1 0
1 154
0 28
1
Y
1 0
1 155
0 28
1
Y
1 0
1 156
0 28
1
Y
1 0
1 157
0 28
1
Y
1 0
1 158
0 28
1
Y
1 0
1 159
0 28
1
Y
1 0
1 160
0 28
1
Y
1 0
1 161
0 28
1
Y
1 0
1 162
0 28
1
Y
1 0
1 163
0 28
1
Y
1 0
1 164
0 28
1
Y
1 0
1 165
0 28
1
Y
1 0
1 166
0 28
1
Y
1 0
1 167
0 28
1
Y
1 0
1 168
0 28
1
Y
1 0
1 169
0 28
1
Y
1 0
1 170
0 28
1
Y
1 0
1 171
0 28
1
Y
1 0
1 172
0 28
1
Y
1 0
1 173
0 28
1
Y
1 0
1 174
0 28
1
Y
1 0
1 175
0 28
1
Y
1 0
1 176
0 28
1
Y
1 0
1 177
0 28
1
Y
1 0
1 178
0 28
1
Y
1 0
1 179
0 28
1
Y
1 0
1 180
0 28
1
Y
1 0
1 181
0 28
1
Y
1 0
1 182
0 28
1
Y
1 0
1 183
0 28
1
Y
1 0
1 184
0 28
1
Y
1 0
1 185
0 28
1
Y
1 0
1 186
0 28
1
Y
1 0
1 187
0 28
1
Y
1 0
1 188
0 28
1
Y
1 0
1 189
0 28
1
Y
1 0
1 190
0 28
1
Y
1 0
1 191
0 28
1
Y
1 0
1 192
0 28
1
Y
1 0
1 193
0 28
1
Y
1 0
1 194
0 28
1
Y
1 0
1 195
0 28
