36
81 288
0 1 1
0 9 1
1 0 1
1 2 1
1 10 1
2 1 1
2 3 1
2 11 1
3 2 1
3 4 1
3 12 1
4 3 1
4 5 1
4 13 1
5 4 1
5 6 1
5 14 1
6 5 1
6 7 1
6 15 1
7 6 1
7 8 1
7 16 1
8 7 1
8 17 1
9 10 1
9 0 1
9 18 1
10 9 1
10 11 1
10 1 1
10 19 1
11 10 1
11 12 1
11 2 1
11 20 1
12 11 1
12 13 1
12 3 1
12 21 1
13 12 1
13 14 1
13 4 1
13 22 1
14 13 1
14 15 1
14 5 1
14 23 1
15 14 1
15 16 1
15 6 1
15 24 1
16 15 1
16 17 1
16 7 1
16 25 1
17 16 1
17 8 1
17 26 1
18 19 1
18 9 1
18 27 1
19 18 1
19 20 1
19 10 1
19 28 1
20 19 1
20 21 1
20 11 1
20 29 1
21 20 1
21 22 1
21 12 1
21 30 1
22 21 1
22 23 1
22 13 1
22 31 1
23 22 1
23 24 1
23 14 1
23 32 1
24 23 1
24 25 1
24 15 1
24 33 1
25 24 1
25 26 1
25 16 1
25 34 1
26 25 1
26 17 1
26 35 1
27 28 1
27 18 1
27 36 1
28 27 1
28 29 1
28 19 1
28 37 1
29 28 1
29 30 1
29 20 1
29 38 1
30 29 1
30 31 1
30 21 1
30 39 1
31 30 1
31 32 1
31 22 1
31 40 1
32 31 1
32 33 1
32 23 1
32 41 1
33 32 1
33 34 1
33 24 1
33 42 1
34 33 1
34 35 1
34 25 1
34 43 1
35 34 1
35 26 1
35 44 1
36 37 1
36 27 1
36 45 1
37 36 1
37 38 1
37 28 1
37 46 1
38 37 1
38 39 1
38 29 1
38 47 1
39 38 1
39 40 1
39 30 1
39 48 1
40 39 1
40 41 1
40 31 1
40 49 1
41 40 1
41 42 1
41 32 1
41 50 1
42 41 1
42 43 1
42 33 1
42 51 1
43 42 1
43 44 1
43 34 1
43 52 1
44 43 1
44 35 1
44 53 1
45 46 1
45 36 1
45 54 1
46 45 1
46 47 1
46 37 1
46 55 1
47 46 1
47 48 1
47 38 1
47 56 1
48 47 1
48 49 1
48 39 1
48 57 1
49 48 1
49 50 1
49 40 1
49 58 1
50 49 1
50 51 1
50 41 1
50 59 1
51 50 1
51 52 1
51 42 1
51 60 1
52 51 1
52 53 1
52 43 1
52 61 1
53 52 1
53 44 1
53 62 1
54 55 1
54 45 1
54 63 1
55 54 1
55 56 1
55 46 1
55 64 1
56 55 1
56 57 1
56 47 1
56 65 1
57 56 1
57 58 1
57 48 1
57 66 1
58 57 1
58 59 1
58 49 1
58 67 1
59 58 1
59 60 1
59 50 1
59 68 1
60 59 1
60 61 1
60 51 1
60 69 1
61 60 1
61 62 1
61 52 1
61 70 1
62 61 1
62 53 1
62 71 1
63 64 1
63 54 1
63 72 1
64 63 1
64 65 1
64 55 1
64 73 1
65 64 1
65 66 1
65 56 1
65 74 1
66 65 1
66 67 1
66 57 1
66 75 1
67 66 1
67 68 1
67 58 1
67 76 1
68 67 1
68 69 1
68 59 1
68 77 1
69 68 1
69 70 1
69 60 1
69 78 1
70 69 1
70 71 1
70 61 1
70 79 1
71 70 1
71 62 1
71 80 1
72 73 1
72 63 1
73 72 1
73 74 1
73 64 1
74 73 1
74 75 1
74 65 1
75 74 1
75 76 1
75 66 1
76 75 1
76 77 1
76 67 1
77 76 1
77 78 1
77 68 1
78 77 1
78 79 1
78 69 1
79 78 1
79 80 1
79 70 1
80 79 1
80 71 1
25
1
N
11
0 10
1
N
65
0 10
1
N
74
0 10
1
N
5
0 10
1
N
34
0 10
1
N
71
0 10
1
N
8
0 10
3
Y
38
4 4
N
38
0 3
N
38
5 10
1
N
61
0 10
3
Y
45
7 7
N
45
0 6
N
45
8 10
1
N
75
0 10
1
N
31
0 10
1
N
25
0 10
1
N
58
0 10
1
N
2
0 10
1
N
9
0 10
1
N
0
0 10
1
N
21
0 10
1
N
64
0 10
1
N
70
0 10
1
N
30
0 10
1
N
42
0 10
1
N
24
0 10
1
N
10
0 10
1
N
3
0 10
81 288
0 1 1
0 9 1
1 0 1
1 2 1
1 10 1
2 1 1
2 3 1
2 11 1
3 2 1
3 4 1
3 12 1
4 3 1
4 5 1
4 13 1
5 4 1
5 6 1
5 14 1
6 5 1
6 7 1
6 15 1
7 6 1
7 8 1
7 16 1
8 7 1
8 17 1
9 10 1
9 0 1
9 18 1
10 9 1
10 11 1
10 1 1
10 19 1
11 10 1
11 12 1
11 2 1
11 20 1
12 11 1
12 13 1
12 3 1
12 21 1
13 12 1
13 14 1
13 4 1
13 22 1
14 13 1
14 15 1
14 5 1
14 23 1
15 14 1
15 16 1
15 6 1
15 24 1
16 15 1
16 17 1
16 7 1
16 25 1
17 16 1
17 8 1
17 26 1
18 19 1
18 9 1
18 27 1
19 18 1
19 20 1
19 10 1
19 28 1
20 19 1
20 21 1
20 11 1
20 29 1
21 20 1
21 22 1
21 12 1
21 30 1
22 21 1
22 23 1
22 13 1
22 31 1
23 22 1
23 24 1
23 14 1
23 32 1
24 23 1
24 25 1
24 15 1
24 33 1
25 24 1
25 26 1
25 16 1
25 34 1
26 25 1
26 17 1
26 35 1
27 28 1
27 18 1
27 36 1
28 27 1
28 29 1
28 19 1
28 37 1
29 28 1
29 30 1
29 20 1
29 38 1
30 29 1
30 31 1
30 21 1
30 39 1
31 30 1
31 32 1
31 22 1
31 40 1
32 31 1
32 33 1
32 23 1
32 41 1
33 32 1
33 34 1
33 24 1
33 42 1
34 33 1
34 35 1
34 25 1
34 43 1
35 34 1
35 26 1
35 44 1
36 37 1
36 27 1
36 45 1
37 36 1
37 38 1
37 28 1
37 46 1
38 37 1
38 39 1
38 29 1
38 47 1
39 38 1
39 40 1
39 30 1
39 48 1
40 39 1
40 41 1
40 31 1
40 49 1
41 40 1
41 42 1
41 32 1
41 50 1
42 41 1
42 43 1
42 33 1
42 51 1
43 42 1
43 44 1
43 34 1
43 52 1
44 43 1
44 35 1
44 53 1
45 46 1
45 36 1
45 54 1
46 45 1
46 47 1
46 37 1
46 55 1
47 46 1
47 48 1
47 38 1
47 56 1
48 47 1
48 49 1
48 39 1
48 57 1
49 48 1
49 50 1
49 40 1
49 58 1
50 49 1
50 51 1
50 41 1
50 59 1
51 50 1
51 52 1
51 42 1
51 60 1
52 51 1
52 53 1
52 43 1
52 61 1
53 52 1
53 44 1
53 62 1
54 55 1
54 45 1
54 63 1
55 54 1
55 56 1
55 46 1
55 64 1
56 55 1
56 57 1
56 47 1
56 65 1
57 56 1
57 58 1
57 48 1
57 66 1
58 57 1
58 59 1
58 49 1
58 67 1
59 58 1
59 60 1
59 50 1
59 68 1
60 59 1
60 61 1
60 51 1
60 69 1
61 60 1
61 62 1
61 52 1
61 70 1
62 61 1
62 53 1
62 71 1
63 64 1
63 54 1
63 72 1
64 63 1
64 65 1
64 55 1
64 73 1
65 64 1
65 66 1
65 56 1
65 74 1
66 65 1
66 67 1
66 57 1
66 75 1
67 66 1
67 68 1
67 58 1
67 76 1
68 67 1
68 69 1
68 59 1
68 77 1
69 68 1
69 70 1
69 60 1
69 78 1
70 69 1
70 71 1
70 61 1
70 79 1
71 70 1
71 62 1
71 80 1
72 73 1
72 63 1
73 72 1
73 74 1
73 64 1
74 73 1
74 75 1
74 65 1
75 74 1
75 76 1
75 66 1
76 75 1
76 77 1
76 67 1
77 76 1
77 78 1
77 68 1
78 77 1
78 79 1
78 69 1
79 78 1
79 80 1
79 70 1
80 79 1
80 71 1
25
1
N
25
0 13
1
N
22
0 13
3
Y
77
8 8
N
77
0 7
N
77
9 13
1
N
42
0 13
1
N
78
0 13
1
N
48
0 13
1
N
34
0 13
1
N
79
0 13
1
N
33
0 13
1
N
3
0 13
1
N
20
0 13
2
Y
40
0 1
N
40
2 13
1
N
12
0 13
1
N
5
0 13
1
N
7
0 13
1
N
71
0 13
1
N
54
0 13
1
N
69
0 13
1
N
21
0 13
1
N
19
0 13
1
N
37
0 13
1
N
27
0 13
1
N
45
0 13
1
N
36
0 13
5
Y
33
12 13
Y
31
4 9
Y
19
2 4
Y
74
9 10
Y
7
7 11
81 288
0 1 1
0 9 1
1 0 1
1 2 1
1 10 1
2 1 1
2 3 1
2 11 1
3 2 1
3 4 1
3 12 1
4 3 1
4 5 1
4 13 1
5 4 1
5 6 1
5 14 1
6 5 1
6 7 1
6 15 1
7 6 1
7 8 1
7 16 1
8 7 1
8 17 1
9 10 1
9 0 1
9 18 1
10 9 1
10 11 1
10 1 1
10 19 1
11 10 1
11 12 1
11 2 1
11 20 1
12 11 1
12 13 1
12 3 1
12 21 1
13 12 1
13 14 1
13 4 1
13 22 1
14 13 1
14 15 1
14 5 1
14 23 1
15 14 1
15 16 1
15 6 1
15 24 1
16 15 1
16 17 1
16 7 1
16 25 1
17 16 1
17 8 1
17 26 1
18 19 1
18 9 1
18 27 1
19 18 1
19 20 1
19 10 1
19 28 1
20 19 1
20 21 1
20 11 1
20 29 1
21 20 1
21 22 1
21 12 1
21 30 1
22 21 1
22 23 1
22 13 1
22 31 1
23 22 1
23 24 1
23 14 1
23 32 1
24 23 1
24 25 1
24 15 1
24 33 1
25 24 1
25 26 1
25 16 1
25 34 1
26 25 1
26 17 1
26 35 1
27 28 1
27 18 1
27 36 1
28 27 1
28 29 1
28 19 1
28 37 1
29 28 1
29 30 1
29 20 1
29 38 1
30 29 1
30 31 1
30 21 1
30 39 1
31 30 1
31 32 1
31 22 1
31 40 1
32 31 1
32 33 1
32 23 1
32 41 1
33 32 1
33 34 1
33 24 1
33 42 1
34 33 1
34 35 1
34 25 1
34 43 1
35 34 1
35 26 1
35 44 1
36 37 1
36 27 1
36 45 1
37 36 1
37 38 1
37 28 1
37 46 1
38 37 1
38 39 1
38 29 1
38 47 1
39 38 1
39 40 1
39 30 1
39 48 1
40 39 1
40 41 1
40 31 1
40 49 1
41 40 1
41 42 1
41 32 1
41 50 1
42 41 1
42 43 1
42 33 1
42 51 1
43 42 1
43 44 1
43 34 1
43 52 1
44 43 1
44 35 1
44 53 1
45 46 1
45 36 1
45 54 1
46 45 1
46 47 1
46 37 1
46 55 1
47 46 1
47 48 1
47 38 1
47 56 1
48 47 1
48 49 1
48 39 1
48 57 1
49 48 1
49 50 1
49 40 1
49 58 1
50 49 1
50 51 1
50 41 1
50 59 1
51 50 1
51 52 1
51 42 1
51 60 1
52 51 1
52 53 1
52 43 1
52 61 1
53 52 1
53 44 1
53 62 1
54 55 1
54 45 1
54 63 1
55 54 1
55 56 1
55 46 1
55 64 1
56 55 1
56 57 1
56 47 1
56 65 1
57 56 1
57 58 1
57 48 1
57 66 1
58 57 1
58 59 1
58 49 1
58 67 1
59 58 1
59 60 1
59 50 1
59 68 1
60 59 1
60 61 1
60 51 1
60 69 1
61 60 1
61 62 1
61 52 1
61 70 1
62 61 1
62 53 1
62 71 1
63 64 1
63 54 1
63 72 1
64 63 1
64 65 1
64 55 1
64 73 1
65 64 1
65 66 1
65 56 1
65 74 1
66 65 1
66 67 1
66 57 1
66 75 1
67 66 1
67 68 1
67 58 1
67 76 1
68 67 1
68 69 1
68 59 1
68 77 1
69 68 1
69 70 1
69 60 1
69 78 1
70 69 1
70 71 1
70 61 1
70 79 1
71 70 1
71 62 1
71 80 1
72 73 1
72 63 1
73 72 1
73 74 1
73 64 1
74 73 1
74 75 1
74 65 1
75 74 1
75 76 1
75 66 1
76 75 1
76 77 1
76 67 1
77 76 1
77 78 1
77 68 1
78 77 1
78 79 1
78 69 1
79 78 1
79 80 1
79 70 1
80 79 1
80 71 1
25
1
N
38
0 15
1
N
47
0 15
1
N
52
0 15
1
N
32
0 15
1
N
28
0 15
3
Y
41
8 8
N
41
0 7
N
41
9 15
1
N
71
0 15
1
N
56
0 15
4
Y
40
0 4
Y
40
7 7
N
40
5 6
N
40
8 15
1
N
15
0 15
1
N
21
0 15
1
N
76
0 15
1
N
22
0 15
1
N
51
0 15
1
N
57
0 15
1
N
33
0 15
1
N
35
0 15
1
N
75
0 15
1
N
5
0 15
1
N
10
0 15
1
N
64
0 15
1
N
29
0 15
1
N
54
0 15
5
Y
66
5 14
Y
66
4 11
Y
64
0 6
Y
16
0 7
Y
20
11 11
5
Y
5
0 7
Y
10
4 6
Y
50
9 10
Y
32
2 11
Y
49
8 11
81 288
0 1 1
0 9 1
1 0 1
1 2 1
1 10 1
2 1 1
2 3 1
2 11 1
3 2 1
3 4 1
3 12 1
4 3 1
4 5 1
4 13 1
5 4 1
5 6 1
5 14 1
6 5 1
6 7 1
6 15 1
7 6 1
7 8 1
7 16 1
8 7 1
8 17 1
9 10 1
9 0 1
9 18 1
10 9 1
10 11 1
10 1 1
10 19 1
11 10 1
11 12 1
11 2 1
11 20 1
12 11 1
12 13 1
12 3 1
12 21 1
13 12 1
13 14 1
13 4 1
13 22 1
14 13 1
14 15 1
14 5 1
14 23 1
15 14 1
15 16 1
15 6 1
15 24 1
16 15 1
16 17 1
16 7 1
16 25 1
17 16 1
17 8 1
17 26 1
18 19 1
18 9 1
18 27 1
19 18 1
19 20 1
19 10 1
19 28 1
20 19 1
20 21 1
20 11 1
20 29 1
21 20 1
21 22 1
21 12 1
21 30 1
22 21 1
22 23 1
22 13 1
22 31 1
23 22 1
23 24 1
23 14 1
23 32 1
24 23 1
24 25 1
24 15 1
24 33 1
25 24 1
25 26 1
25 16 1
25 34 1
26 25 1
26 17 1
26 35 1
27 28 1
27 18 1
27 36 1
28 27 1
28 29 1
28 19 1
28 37 1
29 28 1
29 30 1
29 20 1
29 38 1
30 29 1
30 31 1
30 21 1
30 39 1
31 30 1
31 32 1
31 22 1
31 40 1
32 31 1
32 33 1
32 23 1
32 41 1
33 32 1
33 34 1
33 24 1
33 42 1
34 33 1
34 35 1
34 25 1
34 43 1
35 34 1
35 26 1
35 44 1
36 37 1
36 27 1
36 45 1
37 36 1
37 38 1
37 28 1
37 46 1
38 37 1
38 39 1
38 29 1
38 47 1
39 38 1
39 40 1
39 30 1
39 48 1
40 39 1
40 41 1
40 31 1
40 49 1
41 40 1
41 42 1
41 32 1
41 50 1
42 41 1
42 43 1
42 33 1
42 51 1
43 42 1
43 44 1
43 34 1
43 52 1
44 43 1
44 35 1
44 53 1
45 46 1
45 36 1
45 54 1
46 45 1
46 47 1
46 37 1
46 55 1
47 46 1
47 48 1
47 38 1
47 56 1
48 47 1
48 49 1
48 39 1
48 57 1
49 48 1
49 50 1
49 40 1
49 58 1
50 49 1
50 51 1
50 41 1
50 59 1
51 50 1
51 52 1
51 42 1
51 60 1
52 51 1
52 53 1
52 43 1
52 61 1
53 52 1
53 44 1
53 62 1
54 55 1
54 45 1
54 63 1
55 54 1
55 56 1
55 46 1
55 64 1
56 55 1
56 57 1
56 47 1
56 65 1
57 56 1
57 58 1
57 48 1
57 66 1
58 57 1
58 59 1
58 49 1
58 67 1
59 58 1
59 60 1
59 50 1
59 68 1
60 59 1
60 61 1
60 51 1
60 69 1
61 60 1
61 62 1
61 52 1
61 70 1
62 61 1
62 53 1
62 71 1
63 64 1
63 54 1
63 72 1
64 63 1
64 65 1
64 55 1
64 73 1
65 64 1
65 66 1
65 56 1
65 74 1
66 65 1
66 67 1
66 57 1
66 75 1
67 66 1
67 68 1
67 58 1
67 76 1
68 67 1
68 69 1
68 59 1
68 77 1
69 68 1
69 70 1
69 60 1
69 78 1
70 69 1
70 71 1
70 61 1
70 79 1
71 70 1
71 62 1
71 80 1
72 73 1
72 63 1
73 72 1
73 74 1
73 64 1
74 73 1
74 75 1
74 65 1
75 74 1
75 76 1
75 66 1
76 75 1
76 77 1
76 67 1
77 76 1
77 78 1
77 68 1
78 77 1
78 79 1
78 69 1
79 78 1
79 80 1
79 70 1
80 79 1
80 71 1
25
1
N
58
0 10
1
N
47
0 10
1
N
38
0 10
1
N
12
0 10
1
N
56
0 10
3
Y
14
6 6
N
14
0 5
N
14
7 10
1
N
36
0 10
1
N
45
0 10
1
N
63
0 10
1
N
21
0 10
1
N
24
0 10
3
Y
6
8 8
N
6
0 7
N
6
9 10
1
N
48
0 10
1
N
72
0 10
1
N
43
0 10
3
Y
5
7 7
N
5
0 6
N
5
8 10
1
N
66
0 10
1
N
54
0 10
1
N
37
0 10
1
N
46
0 10
1
N
17
0 10
4
Y
40
0 0
Y
40
2 2
N
40
1 1
N
40
3 10
5
Y
58
6 10
Y
8
0 7
Y
13
10 10
Y
71
1 5
Y
35
4 9
5
Y
68
1 7
Y
8
4 10
Y
45
2 4
Y
47
0 8
Y
2
0 1
5
Y
64
7 8
Y
5
0 4
Y
47
1 7
Y
40
2 3
Y
5
2 10
81 288
0 1 1
0 9 1
1 0 1
1 2 1
1 10 1
2 1 1
2 3 1
2 11 1
3 2 1
3 4 1
3 12 1
4 3 1
4 5 1
4 13 1
5 4 1
5 6 1
5 14 1
6 5 1
6 7 1
6 15 1
7 6 1
7 8 1
7 16 1
8 7 1
8 17 1
9 10 1
9 0 1
9 18 1
10 9 1
10 11 1
10 1 1
10 19 1
11 10 1
11 12 1
11 2 1
11 20 1
12 11 1
12 13 1
12 3 1
12 21 1
13 12 1
13 14 1
13 4 1
13 22 1
14 13 1
14 15 1
14 5 1
14 23 1
15 14 1
15 16 1
15 6 1
15 24 1
16 15 1
16 17 1
16 7 1
16 25 1
17 16 1
17 8 1
17 26 1
18 19 1
18 9 1
18 27 1
19 18 1
19 20 1
19 10 1
19 28 1
20 19 1
20 21 1
20 11 1
20 29 1
21 20 1
21 22 1
21 12 1
21 30 1
22 21 1
22 23 1
22 13 1
22 31 1
23 22 1
23 24 1
23 14 1
23 32 1
24 23 1
24 25 1
24 15 1
24 33 1
25 24 1
25 26 1
25 16 1
25 34 1
26 25 1
26 17 1
26 35 1
27 28 1
27 18 1
27 36 1
28 27 1
28 29 1
28 19 1
28 37 1
29 28 1
29 30 1
29 20 1
29 38 1
30 29 1
30 31 1
30 21 1
30 39 1
31 30 1
31 32 1
31 22 1
31 40 1
32 31 1
32 33 1
32 23 1
32 41 1
33 32 1
33 34 1
33 24 1
33 42 1
34 33 1
34 35 1
34 25 1
34 43 1
35 34 1
35 26 1
35 44 1
36 37 1
36 27 1
36 45 1
37 36 1
37 38 1
37 28 1
37 46 1
38 37 1
38 39 1
38 29 1
38 47 1
39 38 1
39 40 1
39 30 1
39 48 1
40 39 1
40 41 1
40 31 1
40 49 1
41 40 1
41 42 1
41 32 1
41 50 1
42 41 1
42 43 1
42 33 1
42 51 1
43 42 1
43 44 1
43 34 1
43 52 1
44 43 1
44 35 1
44 53 1
45 46 1
45 36 1
45 54 1
46 45 1
46 47 1
46 37 1
46 55 1
47 46 1
47 48 1
47 38 1
47 56 1
48 47 1
48 49 1
48 39 1
48 57 1
49 48 1
49 50 1
49 40 1
49 58 1
50 49 1
50 51 1
50 41 1
50 59 1
51 50 1
51 52 1
51 42 1
51 60 1
52 51 1
52 53 1
52 43 1
52 61 1
53 52 1
53 44 1
53 62 1
54 55 1
54 45 1
54 63 1
55 54 1
55 56 1
55 46 1
55 64 1
56 55 1
56 57 1
56 47 1
56 65 1
57 56 1
57 58 1
57 48 1
57 66 1
58 57 1
58 59 1
58 49 1
58 67 1
59 58 1
59 60 1
59 50 1
59 68 1
60 59 1
60 61 1
60 51 1
60 69 1
61 60 1
61 62 1
61 52 1
61 70 1
62 61 1
62 53 1
62 71 1
63 64 1
63 54 1
63 72 1
64 63 1
64 65 1
64 55 1
64 73 1
65 64 1
65 66 1
65 56 1
65 74 1
66 65 1
66 67 1
66 57 1
66 75 1
67 66 1
67 68 1
67 58 1
67 76 1
68 67 1
68 69 1
68 59 1
68 77 1
69 68 1
69 70 1
69 60 1
69 78 1
70 69 1
70 71 1
70 61 1
70 79 1
71 70 1
71 62 1
71 80 1
72 73 1
72 63 1
73 72 1
73 74 1
73 64 1
74 73 1
74 75 1
74 65 1
75 74 1
75 76 1
75 66 1
76 75 1
76 77 1
76 67 1
77 76 1
77 78 1
77 68 1
78 77 1
78 79 1
78 69 1
79 78 1
79 80 1
79 70 1
80 79 1
80 71 1
25
3
Y
38
8 8
N
38
0 7
N
38
9 16
1
N
45
0 16
1
N
60
0 16
1
N
53
0 16
1
N
66
0 16
1
N
79
0 16
3
Y
37
9 10
N
37
0 8
N
37
11 16
1
N
50
0 16
1
N
10
0 16
1
N
19
0 16
1
N
74
0 16
3
Y
36
11 12
N
36
0 10
N
36
13 16
1
N
52
0 16
1
N
24
0 16
1
N
31
0 16
1
N
76
0 16
3
Y
27
13 13
N
27
0 12
N
27
14 16
1
N
17
0 16
1
N
33
0 16
1
N
21
0 16
1
N
23
0 16
5
Y
30
1 12
Y
46
11 16
Y
56
3 8
Y
11
9 16
Y
54
7 13
5
Y
44
5 9
Y
77
13 15
Y
52
3 7
Y
65
10 11
Y
8
9 13
5
Y
5
9 12
Y
35
5 10
Y
9
7 8
Y
30
3 14
Y
1
1 14
5
Y
14
1 14
Y
64
12 14
Y
23
1 7
Y
12
4 15
Y
33
9 16
81 288
0 1 1
0 9 1
1 0 1
1 2 1
1 10 1
2 1 1
2 3 1
2 11 1
3 2 1
3 4 1
3 12 1
4 3 1
4 5 1
4 13 1
5 4 1
5 6 1
5 14 1
6 5 1
6 7 1
6 15 1
7 6 1
7 8 1
7 16 1
8 7 1
8 17 1
9 10 1
9 0 1
9 18 1
10 9 1
10 11 1
10 1 1
10 19 1
11 10 1
11 12 1
11 2 1
11 20 1
12 11 1
12 13 1
12 3 1
12 21 1
13 12 1
13 14 1
13 4 1
13 22 1
14 13 1
14 15 1
14 5 1
14 23 1
15 14 1
15 16 1
15 6 1
15 24 1
16 15 1
16 17 1
16 7 1
16 25 1
17 16 1
17 8 1
17 26 1
18 19 1
18 9 1
18 27 1
19 18 1
19 20 1
19 10 1
19 28 1
20 19 1
20 21 1
20 11 1
20 29 1
21 20 1
21 22 1
21 12 1
21 30 1
22 21 1
22 23 1
22 13 1
22 31 1
23 22 1
23 24 1
23 14 1
23 32 1
24 23 1
24 25 1
24 15 1
24 33 1
25 24 1
25 26 1
25 16 1
25 34 1
26 25 1
26 17 1
26 35 1
27 28 1
27 18 1
27 36 1
28 27 1
28 29 1
28 19 1
28 37 1
29 28 1
29 30 1
29 20 1
29 38 1
30 29 1
30 31 1
30 21 1
30 39 1
31 30 1
31 32 1
31 22 1
31 40 1
32 31 1
32 33 1
32 23 1
32 41 1
33 32 1
33 34 1
33 24 1
33 42 1
34 33 1
34 35 1
34 25 1
34 43 1
35 34 1
35 26 1
35 44 1
36 37 1
36 27 1
36 45 1
37 36 1
37 38 1
37 28 1
37 46 1
38 37 1
38 39 1
38 29 1
38 47 1
39 38 1
39 40 1
39 30 1
39 48 1
40 39 1
40 41 1
40 31 1
40 49 1
41 40 1
41 42 1
41 32 1
41 50 1
42 41 1
42 43 1
42 33 1
42 51 1
43 42 1
43 44 1
43 34 1
43 52 1
44 43 1
44 35 1
44 53 1
45 46 1
45 36 1
45 54 1
46 45 1
46 47 1
46 37 1
46 55 1
47 46 1
47 48 1
47 38 1
47 56 1
48 47 1
48 49 1
48 39 1
48 57 1
49 48 1
49 50 1
49 40 1
49 58 1
50 49 1
50 51 1
50 41 1
50 59 1
51 50 1
51 52 1
51 42 1
51 60 1
52 51 1
52 53 1
52 43 1
52 61 1
53 52 1
53 44 1
53 62 1
54 55 1
54 45 1
54 63 1
55 54 1
55 56 1
55 46 1
55 64 1
56 55 1
56 57 1
56 47 1
56 65 1
57 56 1
57 58 1
57 48 1
57 66 1
58 57 1
58 59 1
58 49 1
58 67 1
59 58 1
59 60 1
59 50 1
59 68 1
60 59 1
60 61 1
60 51 1
60 69 1
61 60 1
61 62 1
61 52 1
61 70 1
62 61 1
62 53 1
62 71 1
63 64 1
63 54 1
63 72 1
64 63 1
64 65 1
64 55 1
64 73 1
65 64 1
65 66 1
65 56 1
65 74 1
66 65 1
66 67 1
66 57 1
66 75 1
67 66 1
67 68 1
67 58 1
67 76 1
68 67 1
68 69 1
68 59 1
68 77 1
69 68 1
69 70 1
69 60 1
69 78 1
70 69 1
70 71 1
70 61 1
70 79 1
71 70 1
71 62 1
71 80 1
72 73 1
72 63 1
73 72 1
73 74 1
73 64 1
74 73 1
74 75 1
74 65 1
75 74 1
75 76 1
75 66 1
76 75 1
76 77 1
76 67 1
77 76 1
77 78 1
77 68 1
78 77 1
78 79 1
78 69 1
79 78 1
79 80 1
79 70 1
80 79 1
80 71 1
25
1
N
6
0 15
1
N
18
0 15
3
Y
16
13 13
N
16
0 12
N
16
14 15
1
N
66
0 15
3
Y
22
6 7
N
22
0 5
N
22
8 15
1
N
28
0 15
3
Y
7
14 14
N
7
0 13
N
7
15 15
1
N
50
0 15
1
N
56
0 15
1
N
60
0 15
1
N
57
0 15
1
N
1
0 15
1
N
13
0 15
1
N
5
0 15
1
N
19
0 15
1
N
45
0 15
3
Y
23
10 10
N
23
0 9
N
23
11 15
1
N
35
0 15
1
N
9
0 15
1
N
51
0 15
5
Y
58
2 10
Y
33
2 13
Y
57
2 8
Y
40
0 7
Y
65
9 15
5
Y
73
2 13
Y
6
0 12
Y
51
4 11
Y
78
2 10
Y
15
13 14
5
Y
61
1 7
Y
50
4 11
Y
68
8 13
Y
71
3 7
Y
25
10 11
5
Y
39
12 12
Y
1
15 15
Y
27
1 5
Y
73
9 12
Y
62
2 7
5
Y
27
2 3
Y
74
0 13
Y
78
1 14
Y
36
9 15
Y
13
1 3
81 288
0 1 1
0 9 1
1 0 1
1 2 1
1 10 1
2 1 1
2 3 1
2 11 1
3 2 1
3 4 1
3 12 1
4 3 1
4 5 1
4 13 1
5 4 1
5 6 1
5 14 1
6 5 1
6 7 1
6 15 1
7 6 1
7 8 1
7 16 1
8 7 1
8 17 1
9 10 1
9 0 1
9 18 1
10 9 1
10 11 1
10 1 1
10 19 1
11 10 1
11 12 1
11 2 1
11 20 1
12 11 1
12 13 1
12 3 1
12 21 1
13 12 1
13 14 1
13 4 1
13 22 1
14 13 1
14 15 1
14 5 1
14 23 1
15 14 1
15 16 1
15 6 1
15 24 1
16 15 1
16 17 1
16 7 1
16 25 1
17 16 1
17 8 1
17 26 1
18 19 1
18 9 1
18 27 1
19 18 1
19 20 1
19 10 1
19 28 1
20 19 1
20 21 1
20 11 1
20 29 1
21 20 1
21 22 1
21 12 1
21 30 1
22 21 1
22 23 1
22 13 1
22 31 1
23 22 1
23 24 1
23 14 1
23 32 1
24 23 1
24 25 1
24 15 1
24 33 1
25 24 1
25 26 1
25 16 1
25 34 1
26 25 1
26 17 1
26 35 1
27 28 1
27 18 1
27 36 1
28 27 1
28 29 1
28 19 1
28 37 1
29 28 1
29 30 1
29 20 1
29 38 1
30 29 1
30 31 1
30 21 1
30 39 1
31 30 1
31 32 1
31 22 1
31 40 1
32 31 1
32 33 1
32 23 1
32 41 1
33 32 1
33 34 1
33 24 1
33 42 1
34 33 1
34 35 1
34 25 1
34 43 1
35 34 1
35 26 1
35 44 1
36 37 1
36 27 1
36 45 1
37 36 1
37 38 1
37 28 1
37 46 1
38 37 1
38 39 1
38 29 1
38 47 1
39 38 1
39 40 1
39 30 1
39 48 1
40 39 1
40 41 1
40 31 1
40 49 1
41 40 1
41 42 1
41 32 1
41 50 1
42 41 1
42 43 1
42 33 1
42 51 1
43 42 1
43 44 1
43 34 1
43 52 1
44 43 1
44 35 1
44 53 1
45 46 1
45 36 1
45 54 1
46 45 1
46 47 1
46 37 1
46 55 1
47 46 1
47 48 1
47 38 1
47 56 1
48 47 1
48 49 1
48 39 1
48 57 1
49 48 1
49 50 1
49 40 1
49 58 1
50 49 1
50 51 1
50 41 1
50 59 1
51 50 1
51 52 1
51 42 1
51 60 1
52 51 1
52 53 1
52 43 1
52 61 1
53 52 1
53 44 1
53 62 1
54 55 1
54 45 1
54 63 1
55 54 1
55 56 1
55 46 1
55 64 1
56 55 1
56 57 1
56 47 1
56 65 1
57 56 1
57 58 1
57 48 1
57 66 1
58 57 1
58 59 1
58 49 1
58 67 1
59 58 1
59 60 1
59 50 1
59 68 1
60 59 1
60 61 1
60 51 1
60 69 1
61 60 1
61 62 1
61 52 1
61 70 1
62 61 1
62 53 1
62 71 1
63 64 1
63 54 1
63 72 1
64 63 1
64 65 1
64 55 1
64 73 1
65 64 1
65 66 1
65 56 1
65 74 1
66 65 1
66 67 1
66 57 1
66 75 1
67 66 1
67 68 1
67 58 1
67 76 1
68 67 1
68 69 1
68 59 1
68 77 1
69 68 1
69 70 1
69 60 1
69 78 1
70 69 1
70 71 1
70 61 1
70 79 1
71 70 1
71 62 1
71 80 1
72 73 1
72 63 1
73 72 1
73 74 1
73 64 1
74 73 1
74 75 1
74 65 1
75 74 1
75 76 1
75 66 1
76 75 1
76 77 1
76 67 1
77 76 1
77 78 1
77 68 1
78 77 1
78 79 1
78 69 1
79 78 1
79 80 1
79 70 1
80 79 1
80 71 1
25
3
Y
18
9 9
N
18
0 8
N
18
10 11
1
N
17
0 11
1
N
69
0 11
1
N
50
0 11
1
N
23
0 11
1
N
54
0 11
1
N
60
0 11
1
N
21
0 11
1
N
77
0 11
1
N
4
0 11
1
N
11
0 11
1
N
43
0 11
1
N
36
0 11
1
N
35
0 11
1
N
72
0 11
1
N
63
0 11
3
Y
9
10 10
N
9
0 9
N
9
11 11
1
N
42
0 11
1
N
76
0 11
3
Y
28
7 7
N
28
0 6
N
28
8 11
1
N
52
0 11
1
N
33
0 11
2
Y
0
11 11
N
0
0 10
1
N
45
0 11
1
N
13
0 11
81 288
0 1 1
0 9 1
1 0 1
1 2 1
1 10 1
2 1 1
2 3 1
2 11 1
3 2 1
3 4 1
3 12 1
4 3 1
4 5 1
4 13 1
5 4 1
5 6 1
5 14 1
6 5 1
6 7 1
6 15 1
7 6 1
7 8 1
7 16 1
8 7 1
8 17 1
9 10 1
9 0 1
9 18 1
10 9 1
10 11 1
10 1 1
10 19 1
11 10 1
11 12 1
11 2 1
11 20 1
12 11 1
12 13 1
12 3 1
12 21 1
13 12 1
13 14 1
13 4 1
13 22 1
14 13 1
14 15 1
14 5 1
14 23 1
15 14 1
15 16 1
15 6 1
15 24 1
16 15 1
16 17 1
16 7 1
16 25 1
17 16 1
17 8 1
17 26 1
18 19 1
18 9 1
18 27 1
19 18 1
19 20 1
19 10 1
19 28 1
20 19 1
20 21 1
20 11 1
20 29 1
21 20 1
21 22 1
21 12 1
21 30 1
22 21 1
22 23 1
22 13 1
22 31 1
23 22 1
23 24 1
23 14 1
23 32 1
24 23 1
24 25 1
24 15 1
24 33 1
25 24 1
25 26 1
25 16 1
25 34 1
26 25 1
26 17 1
26 35 1
27 28 1
27 18 1
27 36 1
28 27 1
28 29 1
28 19 1
28 37 1
29 28 1
29 30 1
29 20 1
29 38 1
30 29 1
30 31 1
30 21 1
30 39 1
31 30 1
31 32 1
31 22 1
31 40 1
32 31 1
32 33 1
32 23 1
32 41 1
33 32 1
33 34 1
33 24 1
33 42 1
34 33 1
34 35 1
34 25 1
34 43 1
35 34 1
35 26 1
35 44 1
36 37 1
36 27 1
36 45 1
37 36 1
37 38 1
37 28 1
37 46 1
38 37 1
38 39 1
38 29 1
38 47 1
39 38 1
39 40 1
39 30 1
39 48 1
40 39 1
40 41 1
40 31 1
40 49 1
41 40 1
41 42 1
41 32 1
41 50 1
42 41 1
42 43 1
42 33 1
42 51 1
43 42 1
43 44 1
43 34 1
43 52 1
44 43 1
44 35 1
44 53 1
45 46 1
45 36 1
45 54 1
46 45 1
46 47 1
46 37 1
46 55 1
47 46 1
47 48 1
47 38 1
47 56 1
48 47 1
48 49 1
48 39 1
48 57 1
49 48 1
49 50 1
49 40 1
49 58 1
50 49 1
50 51 1
50 41 1
50 59 1
51 50 1
51 52 1
51 42 1
51 60 1
52 51 1
52 53 1
52 43 1
52 61 1
53 52 1
53 44 1
53 62 1
54 55 1
54 45 1
54 63 1
55 54 1
55 56 1
55 46 1
55 64 1
56 55 1
56 57 1
56 47 1
56 65 1
57 56 1
57 58 1
57 48 1
57 66 1
58 57 1
58 59 1
58 49 1
58 67 1
59 58 1
59 60 1
59 50 1
59 68 1
60 59 1
60 61 1
60 51 1
60 69 1
61 60 1
61 62 1
61 52 1
61 70 1
62 61 1
62 53 1
62 71 1
63 64 1
63 54 1
63 72 1
64 63 1
64 65 1
64 55 1
64 73 1
65 64 1
65 66 1
65 56 1
65 74 1
66 65 1
66 67 1
66 57 1
66 75 1
67 66 1
67 68 1
67 58 1
67 76 1
68 67 1
68 69 1
68 59 1
68 77 1
69 68 1
69 70 1
69 60 1
69 78 1
70 69 1
70 71 1
70 61 1
70 79 1
71 70 1
71 62 1
71 80 1
72 73 1
72 63 1
73 72 1
73 74 1
73 64 1
74 73 1
74 75 1
74 65 1
75 74 1
75 76 1
75 66 1
76 75 1
76 77 1
76 67 1
77 76 1
77 78 1
77 68 1
78 77 1
78 79 1
78 69 1
79 78 1
79 80 1
79 70 1
80 79 1
80 71 1
25
1
N
23
0 14
3
Y
22
8 8
N
22
0 7
N
22
9 14
1
N
59
0 14
1
N
63
0 14
1
N
24
0 14
1
N
53
0 14
1
N
21
0 14
1
N
25
0 14
3
Y
13
9 9
N
13
0 8
N
13
10 14
1
N
28
0 14
1
N
79
0 14
1
N
65
0 14
1
N
48
0 14
1
N
58
0 14
1
N
34
0 14
3
Y
14
10 10
N
14
0 9
N
14
11 14
1
N
69
0 14
1
N
75
0 14
1
N
5
0 14
2
Y
8
14 14
N
8
0 13
1
N
9
0 14
1
N
60
0 14
1
N
66
0 14
1
N
68
0 14
5
Y
48
2 10
Y
7
11 12
Y
57
6 14
Y
6
6 9
Y
80
3 5
81 288
0 1 1
0 9 1
1 0 1
1 2 1
1 10 1
2 1 1
2 3 1
2 11 1
3 2 1
3 4 1
3 12 1
4 3 1
4 5 1
4 13 1
5 4 1
5 6 1
5 14 1
6 5 1
6 7 1
6 15 1
7 6 1
7 8 1
7 16 1
8 7 1
8 17 1
9 10 1
9 0 1
9 18 1
10 9 1
10 11 1
10 1 1
10 19 1
11 10 1
11 12 1
11 2 1
11 20 1
12 11 1
12 13 1
12 3 1
12 21 1
13 12 1
13 14 1
13 4 1
13 22 1
14 13 1
14 15 1
14 5 1
14 23 1
15 14 1
15 16 1
15 6 1
15 24 1
16 15 1
16 17 1
16 7 1
16 25 1
17 16 1
17 8 1
17 26 1
18 19 1
18 9 1
18 27 1
19 18 1
19 20 1
19 10 1
19 28 1
20 19 1
20 21 1
20 11 1
20 29 1
21 20 1
21 22 1
21 12 1
21 30 1
22 21 1
22 23 1
22 13 1
22 31 1
23 22 1
23 24 1
23 14 1
23 32 1
24 23 1
24 25 1
24 15 1
24 33 1
25 24 1
25 26 1
25 16 1
25 34 1
26 25 1
26 17 1
26 35 1
27 28 1
27 18 1
27 36 1
28 27 1
28 29 1
28 19 1
28 37 1
29 28 1
29 30 1
29 20 1
29 38 1
30 29 1
30 31 1
30 21 1
30 39 1
31 30 1
31 32 1
31 22 1
31 40 1
32 31 1
32 33 1
32 23 1
32 41 1
33 32 1
33 34 1
33 24 1
33 42 1
34 33 1
34 35 1
34 25 1
34 43 1
35 34 1
35 26 1
35 44 1
36 37 1
36 27 1
36 45 1
37 36 1
37 38 1
37 28 1
37 46 1
38 37 1
38 39 1
38 29 1
38 47 1
39 38 1
39 40 1
39 30 1
39 48 1
40 39 1
40 41 1
40 31 1
40 49 1
41 40 1
41 42 1
41 32 1
41 50 1
42 41 1
42 43 1
42 33 1
42 51 1
43 42 1
43 44 1
43 34 1
43 52 1
44 43 1
44 35 1
44 53 1
45 46 1
45 36 1
45 54 1
46 45 1
46 47 1
46 37 1
46 55 1
47 46 1
47 48 1
47 38 1
47 56 1
48 47 1
48 49 1
48 39 1
48 57 1
49 48 1
49 50 1
49 40 1
49 58 1
50 49 1
50 51 1
50 41 1
50 59 1
51 50 1
51 52 1
51 42 1
51 60 1
52 51 1
52 53 1
52 43 1
52 61 1
53 52 1
53 44 1
53 62 1
54 55 1
54 45 1
54 63 1
55 54 1
55 56 1
55 46 1
55 64 1
56 55 1
56 57 1
56 47 1
56 65 1
57 56 1
57 58 1
57 48 1
57 66 1
58 57 1
58 59 1
58 49 1
58 67 1
59 58 1
59 60 1
59 50 1
59 68 1
60 59 1
60 61 1
60 51 1
60 69 1
61 60 1
61 62 1
61 52 1
61 70 1
62 61 1
62 53 1
62 71 1
63 64 1
63 54 1
63 72 1
64 63 1
64 65 1
64 55 1
64 73 1
65 64 1
65 66 1
65 56 1
65 74 1
66 65 1
66 67 1
66 57 1
66 75 1
67 66 1
67 68 1
67 58 1
67 76 1
68 67 1
68 69 1
68 59 1
68 77 1
69 68 1
69 70 1
69 60 1
69 78 1
70 69 1
70 71 1
70 61 1
70 79 1
71 70 1
71 62 1
71 80 1
72 73 1
72 63 1
73 72 1
73 74 1
73 64 1
74 73 1
74 75 1
74 65 1
75 74 1
75 76 1
75 66 1
76 75 1
76 77 1
76 67 1
77 76 1
77 78 1
77 68 1
78 77 1
78 79 1
78 69 1
79 78 1
79 80 1
79 70 1
80 79 1
80 71 1
25
1
N
77
0 14
2
Y
40
0 0
N
40
1 14
1
N
34
0 14
1
N
78
0 14
1
N
30
0 14
1
N
28
0 14
1
N
20
0 14
1
N
5
0 14
1
N
13
0 14
1
N
2
0 14
1
N
56
0 14
1
N
38
0 14
1
N
8
0 14
1
N
64
0 14
1
N
55
0 14
1
N
60
0 14
1
N
14
0 14
1
N
54
0 14
1
N
68
0 14
1
N
71
0 14
1
N
25
0 14
1
N
26
0 14
1
N
52
0 14
5
Y
76
2 13
Y
10
2 10
Y
75
0 11
Y
75
9 14
Y
27
0 7
5
Y
9
8 11
Y
52
3 11
Y
13
6 7
Y
10
0 8
Y
19
4 14
81 288
0 1 1
0 9 1
1 0 1
1 2 1
1 10 1
2 1 1
2 3 1
2 11 1
3 2 1
3 4 1
3 12 1
4 3 1
4 5 1
4 13 1
5 4 1
5 6 1
5 14 1
6 5 1
6 7 1
6 15 1
7 6 1
7 8 1
7 16 1
8 7 1
8 17 1
9 10 1
9 0 1
9 18 1
10 9 1
10 11 1
10 1 1
10 19 1
11 10 1
11 12 1
11 2 1
11 20 1
12 11 1
12 13 1
12 3 1
12 21 1
13 12 1
13 14 1
13 4 1
13 22 1
14 13 1
14 15 1
14 5 1
14 23 1
15 14 1
15 16 1
15 6 1
15 24 1
16 15 1
16 17 1
16 7 1
16 25 1
17 16 1
17 8 1
17 26 1
18 19 1
18 9 1
18 27 1
19 18 1
19 20 1
19 10 1
19 28 1
20 19 1
20 21 1
20 11 1
20 29 1
21 20 1
21 22 1
21 12 1
21 30 1
22 21 1
22 23 1
22 13 1
22 31 1
23 22 1
23 24 1
23 14 1
23 32 1
24 23 1
24 25 1
24 15 1
24 33 1
25 24 1
25 26 1
25 16 1
25 34 1
26 25 1
26 17 1
26 35 1
27 28 1
27 18 1
27 36 1
28 27 1
28 29 1
28 19 1
28 37 1
29 28 1
29 30 1
29 20 1
29 38 1
30 29 1
30 31 1
30 21 1
30 39 1
31 30 1
31 32 1
31 22 1
31 40 1
32 31 1
32 33 1
32 23 1
32 41 1
33 32 1
33 34 1
33 24 1
33 42 1
34 33 1
34 35 1
34 25 1
34 43 1
35 34 1
35 26 1
35 44 1
36 37 1
36 27 1
36 45 1
37 36 1
37 38 1
37 28 1
37 46 1
38 37 1
38 39 1
38 29 1
38 47 1
39 38 1
39 40 1
39 30 1
39 48 1
40 39 1
40 41 1
40 31 1
40 49 1
41 40 1
41 42 1
41 32 1
41 50 1
42 41 1
42 43 1
42 33 1
42 51 1
43 42 1
43 44 1
43 34 1
43 52 1
44 43 1
44 35 1
44 53 1
45 46 1
45 36 1
45 54 1
46 45 1
46 47 1
46 37 1
46 55 1
47 46 1
47 48 1
47 38 1
47 56 1
48 47 1
48 49 1
48 39 1
48 57 1
49 48 1
49 50 1
49 40 1
49 58 1
50 49 1
50 51 1
50 41 1
50 59 1
51 50 1
51 52 1
51 42 1
51 60 1
52 51 1
52 53 1
52 43 1
52 61 1
53 52 1
53 44 1
53 62 1
54 55 1
54 45 1
54 63 1
55 54 1
55 56 1
55 46 1
55 64 1
56 55 1
56 57 1
56 47 1
56 65 1
57 56 1
57 58 1
57 48 1
57 66 1
58 57 1
58 59 1
58 49 1
58 67 1
59 58 1
59 60 1
59 50 1
59 68 1
60 59 1
60 61 1
60 51 1
60 69 1
61 60 1
61 62 1
61 52 1
61 70 1
62 61 1
62 53 1
62 71 1
63 64 1
63 54 1
63 72 1
64 63 1
64 65 1
64 55 1
64 73 1
65 64 1
65 66 1
65 56 1
65 74 1
66 65 1
66 67 1
66 57 1
66 75 1
67 66 1
67 68 1
67 58 1
67 76 1
68 67 1
68 69 1
68 59 1
68 77 1
69 68 1
69 70 1
69 60 1
69 78 1
70 69 1
70 71 1
70 61 1
70 79 1
71 70 1
71 62 1
71 80 1
72 73 1
72 63 1
73 72 1
73 74 1
73 64 1
74 73 1
74 75 1
74 65 1
75 74 1
75 76 1
75 66 1
76 75 1
76 77 1
76 67 1
77 76 1
77 78 1
77 68 1
78 77 1
78 79 1
78 69 1
79 78 1
79 80 1
79 70 1
80 79 1
80 71 1
25
1
N
55
0 15
3
Y
1
14 14
N
1
0 13
N
1
15 15
5
Y
31
1 2
Y
31
8 8
N
31
0 0
N
31
3 7
N
31
9 15
1
N
63
0 15
1
N
51
0 15
1
N
10
0 15
1
N
39
0 15
1
N
24
0 15
1
N
35
0 15
3
Y
22
9 9
N
22
0 8
N
22
10 15
1
N
60
0 15
1
N
4
0 15
1
N
69
0 15
1
N
9
0 15
2
Y
25
15 15
N
25
0 14
1
N
66
0 15
1
N
61
0 15
1
N
33
0 15
1
N
58
0 15
1
N
68
0 15
1
N
6
0 15
1
N
76
0 15
5
Y
30
1 6
Y
18
12 12
Y
58
3 12
Y
49
6 8
Y
48
7 8
5
Y
67
4 15
Y
41
1 5
Y
62
7 12
Y
28
5 10
Y
36
0 10
5
Y
3
3 8
Y
40
3 6
Y
1
9 15
Y
66
4 14
Y
60
2 13
81 288
0 1 1
0 9 1
1 0 1
1 2 1
1 10 1
2 1 1
2 3 1
2 11 1
3 2 1
3 4 1
3 12 1
4 3 1
4 5 1
4 13 1
5 4 1
5 6 1
5 14 1
6 5 1
6 7 1
6 15 1
7 6 1
7 8 1
7 16 1
8 7 1
8 17 1
9 10 1
9 0 1
9 18 1
10 9 1
10 11 1
10 1 1
10 19 1
11 10 1
11 12 1
11 2 1
11 20 1
12 11 1
12 13 1
12 3 1
12 21 1
13 12 1
13 14 1
13 4 1
13 22 1
14 13 1
14 15 1
14 5 1
14 23 1
15 14 1
15 16 1
15 6 1
15 24 1
16 15 1
16 17 1
16 7 1
16 25 1
17 16 1
17 8 1
17 26 1
18 19 1
18 9 1
18 27 1
19 18 1
19 20 1
19 10 1
19 28 1
20 19 1
20 21 1
20 11 1
20 29 1
21 20 1
21 22 1
21 12 1
21 30 1
22 21 1
22 23 1
22 13 1
22 31 1
23 22 1
23 24 1
23 14 1
23 32 1
24 23 1
24 25 1
24 15 1
24 33 1
25 24 1
25 26 1
25 16 1
25 34 1
26 25 1
26 17 1
26 35 1
27 28 1
27 18 1
27 36 1
28 27 1
28 29 1
28 19 1
28 37 1
29 28 1
29 30 1
29 20 1
29 38 1
30 29 1
30 31 1
30 21 1
30 39 1
31 30 1
31 32 1
31 22 1
31 40 1
32 31 1
32 33 1
32 23 1
32 41 1
33 32 1
33 34 1
33 24 1
33 42 1
34 33 1
34 35 1
34 25 1
34 43 1
35 34 1
35 26 1
35 44 1
36 37 1
36 27 1
36 45 1
37 36 1
37 38 1
37 28 1
37 46 1
38 37 1
38 39 1
38 29 1
38 47 1
39 38 1
39 40 1
39 30 1
39 48 1
40 39 1
40 41 1
40 31 1
40 49 1
41 40 1
41 42 1
41 32 1
41 50 1
42 41 1
42 43 1
42 33 1
42 51 1
43 42 1
43 44 1
43 34 1
43 52 1
44 43 1
44 35 1
44 53 1
45 46 1
45 36 1
45 54 1
46 45 1
46 47 1
46 37 1
46 55 1
47 46 1
47 48 1
47 38 1
47 56 1
48 47 1
48 49 1
48 39 1
48 57 1
49 48 1
49 50 1
49 40 1
49 58 1
50 49 1
50 51 1
50 41 1
50 59 1
51 50 1
51 52 1
51 42 1
51 60 1
52 51 1
52 53 1
52 43 1
52 61 1
53 52 1
53 44 1
53 62 1
54 55 1
54 45 1
54 63 1
55 54 1
55 56 1
55 46 1
55 64 1
56 55 1
56 57 1
56 47 1
56 65 1
57 56 1
57 58 1
57 48 1
57 66 1
58 57 1
58 59 1
58 49 1
58 67 1
59 58 1
59 60 1
59 50 1
59 68 1
60 59 1
60 61 1
60 51 1
60 69 1
61 60 1
61 62 1
61 52 1
61 70 1
62 61 1
62 53 1
62 71 1
63 64 1
63 54 1
63 72 1
64 63 1
64 65 1
64 55 1
64 73 1
65 64 1
65 66 1
65 56 1
65 74 1
66 65 1
66 67 1
66 57 1
66 75 1
67 66 1
67 68 1
67 58 1
67 76 1
68 67 1
68 69 1
68 59 1
68 77 1
69 68 1
69 70 1
69 60 1
69 78 1
70 69 1
70 71 1
70 61 1
70 79 1
71 70 1
71 62 1
71 80 1
72 73 1
72 63 1
73 72 1
73 74 1
73 64 1
74 73 1
74 75 1
74 65 1
75 74 1
75 76 1
75 66 1
76 75 1
76 77 1
76 67 1
77 76 1
77 78 1
77 68 1
78 77 1
78 79 1
78 69 1
79 78 1
79 80 1
79 70 1
80 79 1
80 71 1
25
1
N
34
0 9
1
N
28
0 9
1
N
6
0 9
1
N
15
0 9
1
N
7
0 9
1
N
30
0 9
1
N
10
0 9
1
N
2
0 9
1
N
23
0 9
1
N
64
0 9
1
N
53
0 9
1
N
68
0 9
2
Y
40
0 1
N
40
2 9
1
N
20
0 9
1
N
32
0 9
3
Y
73
8 8
N
73
0 7
N
73
9 9
1
N
36
0 9
3
Y
60
4 4
N
60
0 3
N
60
5 9
3
Y
75
6 6
N
75
0 5
N
75
7 9
1
N
79
0 9
1
N
66
0 9
5
Y
61
3 5
Y
47
3 8
Y
24
1 6
Y
8
2 3
Y
46
1 8
5
Y
46
0 9
Y
22
6 9
Y
18
2 5
Y
80
1 8
Y
33
2 7
5
Y
42
4 5
Y
2
1 4
Y
25
1 9
Y
16
2 8
Y
63
5 5
5
Y
31
0 3
Y
42
0 5
Y
36
5 7
Y
45
4 9
Y
27
2 9
81 288
0 1 1
0 9 1
1 0 1
1 2 1
1 10 1
2 1 1
2 3 1
2 11 1
3 2 1
3 4 1
3 12 1
4 3 1
4 5 1
4 13 1
5 4 1
5 6 1
5 14 1
6 5 1
6 7 1
6 15 1
7 6 1
7 8 1
7 16 1
8 7 1
8 17 1
9 10 1
9 0 1
9 18 1
10 9 1
10 11 1
10 1 1
10 19 1
11 10 1
11 12 1
11 2 1
11 20 1
12 11 1
12 13 1
12 3 1
12 21 1
13 12 1
13 14 1
13 4 1
13 22 1
14 13 1
14 15 1
14 5 1
14 23 1
15 14 1
15 16 1
15 6 1
15 24 1
16 15 1
16 17 1
16 7 1
16 25 1
17 16 1
17 8 1
17 26 1
18 19 1
18 9 1
18 27 1
19 18 1
19 20 1
19 10 1
19 28 1
20 19 1
20 21 1
20 11 1
20 29 1
21 20 1
21 22 1
21 12 1
21 30 1
22 21 1
22 23 1
22 13 1
22 31 1
23 22 1
23 24 1
23 14 1
23 32 1
24 23 1
24 25 1
24 15 1
24 33 1
25 24 1
25 26 1
25 16 1
25 34 1
26 25 1
26 17 1
26 35 1
27 28 1
27 18 1
27 36 1
28 27 1
28 29 1
28 19 1
28 37 1
29 28 1
29 30 1
29 20 1
29 38 1
30 29 1
30 31 1
30 21 1
30 39 1
31 30 1
31 32 1
31 22 1
31 40 1
32 31 1
32 33 1
32 23 1
32 41 1
33 32 1
33 34 1
33 24 1
33 42 1
34 33 1
34 35 1
34 25 1
34 43 1
35 34 1
35 26 1
35 44 1
36 37 1
36 27 1
36 45 1
37 36 1
37 38 1
37 28 1
37 46 1
38 37 1
38 39 1
38 29 1
38 47 1
39 38 1
39 40 1
39 30 1
39 48 1
40 39 1
40 41 1
40 31 1
40 49 1
41 40 1
41 42 1
41 32 1
41 50 1
42 41 1
42 43 1
42 33 1
42 51 1
43 42 1
43 44 1
43 34 1
43 52 1
44 43 1
44 35 1
44 53 1
45 46 1
45 36 1
45 54 1
46 45 1
46 47 1
46 37 1
46 55 1
47 46 1
47 48 1
47 38 1
47 56 1
48 47 1
48 49 1
48 39 1
48 57 1
49 48 1
49 50 1
49 40 1
49 58 1
50 49 1
50 51 1
50 41 1
50 59 1
51 50 1
51 52 1
51 42 1
51 60 1
52 51 1
52 53 1
52 43 1
52 61 1
53 52 1
53 44 1
53 62 1
54 55 1
54 45 1
54 63 1
55 54 1
55 56 1
55 46 1
55 64 1
56 55 1
56 57 1
56 47 1
56 65 1
57 56 1
57 58 1
57 48 1
57 66 1
58 57 1
58 59 1
58 49 1
58 67 1
59 58 1
59 60 1
59 50 1
59 68 1
60 59 1
60 61 1
60 51 1
60 69 1
61 60 1
61 62 1
61 52 1
61 70 1
62 61 1
62 53 1
62 71 1
63 64 1
63 54 1
63 72 1
64 63 1
64 65 1
64 55 1
64 73 1
65 64 1
65 66 1
65 56 1
65 74 1
66 65 1
66 67 1
66 57 1
66 75 1
67 66 1
67 68 1
67 58 1
67 76 1
68 67 1
68 69 1
68 59 1
68 77 1
69 68 1
69 70 1
69 60 1
69 78 1
70 69 1
70 71 1
70 61 1
70 79 1
71 70 1
71 62 1
71 80 1
72 73 1
72 63 1
73 72 1
73 74 1
73 64 1
74 73 1
74 75 1
74 65 1
75 74 1
75 76 1
75 66 1
76 75 1
76 77 1
76 67 1
77 76 1
77 78 1
77 68 1
78 77 1
78 79 1
78 69 1
79 78 1
79 80 1
79 70 1
80 79 1
80 71 1
25
1
N
11
0 11
1
N
45
0 11
3
Y
67
6 6
N
67
0 5
N
67
7 11
1
N
5
0 11
1
N
36
0 11
1
N
73
0 11
1
N
62
0 11
1
N
3
0 11
1
N
35
0 11
1
N
21
0 11
1
N
0
0 11
1
N
42
0 11
1
N
34
0 11
1
N
41
0 11
1
N
50
0 11
1
N
19
0 11
1
N
38
0 11
1
N
53
0 11
3
Y
78
9 9
N
78
0 8
N
78
10 11
1
N
7
0 11
5
Y
55
7 11
Y
79
0 9
Y
0
4 5
Y
18
5 7
Y
40
0 5
5
Y
4
5 5
Y
13
1 2
Y
11
1 8
Y
32
7 8
Y
52
7 10
5
Y
1
0 2
Y
22
1 8
Y
69
9 9
Y
6
4 8
Y
54
1 5
5
Y
79
4 6
Y
0
6 9
Y
10
2 6
Y
25
7 8
Y
54
7 9
5
Y
29
7 11
Y
57
1 4
Y
11
0 5
Y
63
3 9
Y
51
0 6
81 288
0 1 1
0 9 1
1 0 1
1 2 1
1 10 1
2 1 1
2 3 1
2 11 1
3 2 1
3 4 1
3 12 1
4 3 1
4 5 1
4 13 1
5 4 1
5 6 1
5 14 1
6 5 1
6 7 1
6 15 1
7 6 1
7 8 1
7 16 1
8 7 1
8 17 1
9 10 1
9 0 1
9 18 1
10 9 1
10 11 1
10 1 1
10 19 1
11 10 1
11 12 1
11 2 1
11 20 1
12 11 1
12 13 1
12 3 1
12 21 1
13 12 1
13 14 1
13 4 1
13 22 1
14 13 1
14 15 1
14 5 1
14 23 1
15 14 1
15 16 1
15 6 1
15 24 1
16 15 1
16 17 1
16 7 1
16 25 1
17 16 1
17 8 1
17 26 1
18 19 1
18 9 1
18 27 1
19 18 1
19 20 1
19 10 1
19 28 1
20 19 1
20 21 1
20 11 1
20 29 1
21 20 1
21 22 1
21 12 1
21 30 1
22 21 1
22 23 1
22 13 1
22 31 1
23 22 1
23 24 1
23 14 1
23 32 1
24 23 1
24 25 1
24 15 1
24 33 1
25 24 1
25 26 1
25 16 1
25 34 1
26 25 1
26 17 1
26 35 1
27 28 1
27 18 1
27 36 1
28 27 1
28 29 1
28 19 1
28 37 1
29 28 1
29 30 1
29 20 1
29 38 1
30 29 1
30 31 1
30 21 1
30 39 1
31 30 1
31 32 1
31 22 1
31 40 1
32 31 1
32 33 1
32 23 1
32 41 1
33 32 1
33 34 1
33 24 1
33 42 1
34 33 1
34 35 1
34 25 1
34 43 1
35 34 1
35 26 1
35 44 1
36 37 1
36 27 1
36 45 1
37 36 1
37 38 1
37 28 1
37 46 1
38 37 1
38 39 1
38 29 1
38 47 1
39 38 1
39 40 1
39 30 1
39 48 1
40 39 1
40 41 1
40 31 1
40 49 1
41 40 1
41 42 1
41 32 1
41 50 1
42 41 1
42 43 1
42 33 1
42 51 1
43 42 1
43 44 1
43 34 1
43 52 1
44 43 1
44 35 1
44 53 1
45 46 1
45 36 1
45 54 1
46 45 1
46 47 1
46 37 1
46 55 1
47 46 1
47 48 1
47 38 1
47 56 1
48 47 1
48 49 1
48 39 1
48 57 1
49 48 1
49 50 1
49 40 1
49 58 1
50 49 1
50 51 1
50 41 1
50 59 1
51 50 1
51 52 1
51 42 1
51 60 1
52 51 1
52 53 1
52 43 1
52 61 1
53 52 1
53 44 1
53 62 1
54 55 1
54 45 1
54 63 1
55 54 1
55 56 1
55 46 1
55 64 1
56 55 1
56 57 1
56 47 1
56 65 1
57 56 1
57 58 1
57 48 1
57 66 1
58 57 1
58 59 1
58 49 1
58 67 1
59 58 1
59 60 1
59 50 1
59 68 1
60 59 1
60 61 1
60 51 1
60 69 1
61 60 1
61 62 1
61 52 1
61 70 1
62 61 1
62 53 1
62 71 1
63 64 1
63 54 1
63 72 1
64 63 1
64 65 1
64 55 1
64 73 1
65 64 1
65 66 1
65 56 1
65 74 1
66 65 1
66 67 1
66 57 1
66 75 1
67 66 1
67 68 1
67 58 1
67 76 1
68 67 1
68 69 1
68 59 1
68 77 1
69 68 1
69 70 1
69 60 1
69 78 1
70 69 1
70 71 1
70 61 1
70 79 1
71 70 1
71 62 1
71 80 1
72 73 1
72 63 1
73 72 1
73 74 1
73 64 1
74 73 1
74 75 1
74 65 1
75 74 1
75 76 1
75 66 1
76 75 1
76 77 1
76 67 1
77 76 1
77 78 1
77 68 1
78 77 1
78 79 1
78 69 1
79 78 1
79 80 1
79 70 1
80 79 1
80 71 1
25
1
N
52
0 18
3
Y
45
15 15
N
45
0 14
N
45
16 18
3
Y
37
13 13
N
37
0 12
N
37
14 18
1
N
51
0 18
1
N
44
0 18
1
N
9
0 18
3
Y
20
15 15
N
20
0 14
N
20
16 18
1
N
60
0 18
1
N
78
0 18
1
N
19
0 18
1
N
12
0 18
1
N
22
0 18
1
N
41
0 18
2
Y
72
18 18
N
72
0 17
1
N
27
0 18
1
N
13
0 18
1
N
50
0 18
1
N
10
0 18
1
N
65
0 18
1
N
55
0 18
1
N
43
0 18
1
N
25
0 18
3
Y
29
10 11
N
29
0 9
N
29
12 18
3
Y
16
15 16
N
16
0 14
N
16
17 18
1
N
7
0 18
81 288
0 1 1
0 9 1
1 0 1
1 2 1
1 10 1
2 1 1
2 3 1
2 11 1
3 2 1
3 4 1
3 12 1
4 3 1
4 5 1
4 13 1
5 4 1
5 6 1
5 14 1
6 5 1
6 7 1
6 15 1
7 6 1
7 8 1
7 16 1
8 7 1
8 17 1
9 10 1
9 0 1
9 18 1
10 9 1
10 11 1
10 1 1
10 19 1
11 10 1
11 12 1
11 2 1
11 20 1
12 11 1
12 13 1
12 3 1
12 21 1
13 12 1
13 14 1
13 4 1
13 22 1
14 13 1
14 15 1
14 5 1
14 23 1
15 14 1
15 16 1
15 6 1
15 24 1
16 15 1
16 17 1
16 7 1
16 25 1
17 16 1
17 8 1
17 26 1
18 19 1
18 9 1
18 27 1
19 18 1
19 20 1
19 10 1
19 28 1
20 19 1
20 21 1
20 11 1
20 29 1
21 20 1
21 22 1
21 12 1
21 30 1
22 21 1
22 23 1
22 13 1
22 31 1
23 22 1
23 24 1
23 14 1
23 32 1
24 23 1
24 25 1
24 15 1
24 33 1
25 24 1
25 26 1
25 16 1
25 34 1
26 25 1
26 17 1
26 35 1
27 28 1
27 18 1
27 36 1
28 27 1
28 29 1
28 19 1
28 37 1
29 28 1
29 30 1
29 20 1
29 38 1
30 29 1
30 31 1
30 21 1
30 39 1
31 30 1
31 32 1
31 22 1
31 40 1
32 31 1
32 33 1
32 23 1
32 41 1
33 32 1
33 34 1
33 24 1
33 42 1
34 33 1
34 35 1
34 25 1
34 43 1
35 34 1
35 26 1
35 44 1
36 37 1
36 27 1
36 45 1
37 36 1
37 38 1
37 28 1
37 46 1
38 37 1
38 39 1
38 29 1
38 47 1
39 38 1
39 40 1
39 30 1
39 48 1
40 39 1
40 41 1
40 31 1
40 49 1
41 40 1
41 42 1
41 32 1
41 50 1
42 41 1
42 43 1
42 33 1
42 51 1
43 42 1
43 44 1
43 34 1
43 52 1
44 43 1
44 35 1
44 53 1
45 46 1
45 36 1
45 54 1
46 45 1
46 47 1
46 37 1
46 55 1
47 46 1
47 48 1
47 38 1
47 56 1
48 47 1
48 49 1
48 39 1
48 57 1
49 48 1
49 50 1
49 40 1
49 58 1
50 49 1
50 51 1
50 41 1
50 59 1
51 50 1
51 52 1
51 42 1
51 60 1
52 51 1
52 53 1
52 43 1
52 61 1
53 52 1
53 44 1
53 62 1
54 55 1
54 45 1
54 63 1
55 54 1
55 56 1
55 46 1
55 64 1
56 55 1
56 57 1
56 47 1
56 65 1
57 56 1
57 58 1
57 48 1
57 66 1
58 57 1
58 59 1
58 49 1
58 67 1
59 58 1
59 60 1
59 50 1
59 68 1
60 59 1
60 61 1
60 51 1
60 69 1
61 60 1
61 62 1
61 52 1
61 70 1
62 61 1
62 53 1
62 71 1
63 64 1
63 54 1
63 72 1
64 63 1
64 65 1
64 55 1
64 73 1
65 64 1
65 66 1
65 56 1
65 74 1
66 65 1
66 67 1
66 57 1
66 75 1
67 66 1
67 68 1
67 58 1
67 76 1
68 67 1
68 69 1
68 59 1
68 77 1
69 68 1
69 70 1
69 60 1
69 78 1
70 69 1
70 71 1
70 61 1
70 79 1
71 70 1
71 62 1
71 80 1
72 73 1
72 63 1
73 72 1
73 74 1
73 64 1
74 73 1
74 75 1
74 65 1
75 74 1
75 76 1
75 66 1
76 75 1
76 77 1
76 67 1
77 76 1
77 78 1
77 68 1
78 77 1
78 79 1
78 69 1
79 78 1
79 80 1
79 70 1
80 79 1
80 71 1
25
1
N
24
0 12
3
Y
11
9 9
N
11
0 8
N
11
10 12
1
N
13
0 12
1
N
48
0 12
1
N
33
0 12
1
N
73
0 12
1
N
25
0 12
1
N
65
0 12
1
N
14
0 12
1
N
37
0 12
1
N
16
0 12
1
N
55
0 12
1
N
8
0 12
1
N
62
0 12
1
N
7
0 12
1
N
44
0 12
1
N
45
0 12
1
N
79
0 12
1
N
28
0 12
1
N
26
0 12
2
Y
61
0 0
N
61
1 12
1
N
35
0 12
3
Y
21
7 7
N
21
0 6
N
21
8 12
1
N
57
0 12
5
Y
58
2 8
Y
73
1 8
Y
6
2 5
Y
12
0 2
Y
2
0 0
81 288
0 1 1
0 9 1
1 0 1
1 2 1
1 10 1
2 1 1
2 3 1
2 11 1
3 2 1
3 4 1
3 12 1
4 3 1
4 5 1
4 13 1
5 4 1
5 6 1
5 14 1
6 5 1
6 7 1
6 15 1
7 6 1
7 8 1
7 16 1
8 7 1
8 17 1
9 10 1
9 0 1
9 18 1
10 9 1
10 11 1
10 1 1
10 19 1
11 10 1
11 12 1
11 2 1
11 20 1
12 11 1
12 13 1
12 3 1
12 21 1
13 12 1
13 14 1
13 4 1
13 22 1
14 13 1
14 15 1
14 5 1
14 23 1
15 14 1
15 16 1
15 6 1
15 24 1
16 15 1
16 17 1
16 7 1
16 25 1
17 16 1
17 8 1
17 26 1
18 19 1
18 9 1
18 27 1
19 18 1
19 20 1
19 10 1
19 28 1
20 19 1
20 21 1
20 11 1
20 29 1
21 20 1
21 22 1
21 12 1
21 30 1
22 21 1
22 23 1
22 13 1
22 31 1
23 22 1
23 24 1
23 14 1
23 32 1
24 23 1
24 25 1
24 15 1
24 33 1
25 24 1
25 26 1
25 16 1
25 34 1
26 25 1
26 17 1
26 35 1
27 28 1
27 18 1
27 36 1
28 27 1
28 29 1
28 19 1
28 37 1
29 28 1
29 30 1
29 20 1
29 38 1
30 29 1
30 31 1
30 21 1
30 39 1
31 30 1
31 32 1
31 22 1
31 40 1
32 31 1
32 33 1
32 23 1
32 41 1
33 32 1
33 34 1
33 24 1
33 42 1
34 33 1
34 35 1
34 25 1
34 43 1
35 34 1
35 26 1
35 44 1
36 37 1
36 27 1
36 45 1
37 36 1
37 38 1
37 28 1
37 46 1
38 37 1
38 39 1
38 29 1
38 47 1
39 38 1
39 40 1
39 30 1
39 48 1
40 39 1
40 41 1
40 31 1
40 49 1
41 40 1
41 42 1
41 32 1
41 50 1
42 41 1
42 43 1
42 33 1
42 51 1
43 42 1
43 44 1
43 34 1
43 52 1
44 43 1
44 35 1
44 53 1
45 46 1
45 36 1
45 54 1
46 45 1
46 47 1
46 37 1
46 55 1
47 46 1
47 48 1
47 38 1
47 56 1
48 47 1
48 49 1
48 39 1
48 57 1
49 48 1
49 50 1
49 40 1
49 58 1
50 49 1
50 51 1
50 41 1
50 59 1
51 50 1
51 52 1
51 42 1
51 60 1
52 51 1
52 53 1
52 43 1
52 61 1
53 52 1
53 44 1
53 62 1
54 55 1
54 45 1
54 63 1
55 54 1
55 56 1
55 46 1
55 64 1
56 55 1
56 57 1
56 47 1
56 65 1
57 56 1
57 58 1
57 48 1
57 66 1
58 57 1
58 59 1
58 49 1
58 67 1
59 58 1
59 60 1
59 50 1
59 68 1
60 59 1
60 61 1
60 51 1
60 69 1
61 60 1
61 62 1
61 52 1
61 70 1
62 61 1
62 53 1
62 71 1
63 64 1
63 54 1
63 72 1
64 63 1
64 65 1
64 55 1
64 73 1
65 64 1
65 66 1
65 56 1
65 74 1
66 65 1
66 67 1
66 57 1
66 75 1
67 66 1
67 68 1
67 58 1
67 76 1
68 67 1
68 69 1
68 59 1
68 77 1
69 68 1
69 70 1
69 60 1
69 78 1
70 69 1
70 71 1
70 61 1
70 79 1
71 70 1
71 62 1
71 80 1
72 73 1
72 63 1
73 72 1
73 74 1
73 64 1
74 73 1
74 75 1
74 65 1
75 74 1
75 76 1
75 66 1
76 75 1
76 77 1
76 67 1
77 76 1
77 78 1
77 68 1
78 77 1
78 79 1
78 69 1
79 78 1
79 80 1
79 70 1
80 79 1
80 71 1
25
3
Y
42
11 11
N
42
0 10
N
42
12 18
2
Y
11
18 18
N
11
0 17
1
N
4
0 18
1
N
13
0 18
1
N
74
0 18
1
N
17
0 18
1
N
79
0 18
1
N
22
0 18
3
Y
27
3 8
N
27
0 2
N
27
9 18
1
N
36
0 18
1
N
43
0 18
2
Y
40
0 1
N
40
2 18
1
N
78
0 18
3
Y
9
17 17
N
9
0 16
N
9
18 18
1
N
63
0 18
1
N
73
0 18
1
N
26
0 18
1
N
8
0 18
1
N
69
0 18
1
N
50
0 18
3
Y
18
16 16
N
18
0 15
N
18
17 18
1
N
41
0 18
1
N
39
0 18
5
Y
52
2 7
Y
50
2 13
Y
29
5 9
Y
54
3 13
Y
8
0 3
5
Y
43
5 12
Y
36
6 17
Y
11
6 11
Y
31
1 12
Y
7
5 5
81 288
0 1 1
0 9 1
1 0 1
1 2 1
1 10 1
2 1 1
2 3 1
2 11 1
3 2 1
3 4 1
3 12 1
4 3 1
4 5 1
4 13 1
5 4 1
5 6 1
5 14 1
6 5 1
6 7 1
6 15 1
7 6 1
7 8 1
7 16 1
8 7 1
8 17 1
9 10 1
9 0 1
9 18 1
10 9 1
10 11 1
10 1 1
10 19 1
11 10 1
11 12 1
11 2 1
11 20 1
12 11 1
12 13 1
12 3 1
12 21 1
13 12 1
13 14 1
13 4 1
13 22 1
14 13 1
14 15 1
14 5 1
14 23 1
15 14 1
15 16 1
15 6 1
15 24 1
16 15 1
16 17 1
16 7 1
16 25 1
17 16 1
17 8 1
17 26 1
18 19 1
18 9 1
18 27 1
19 18 1
19 20 1
19 10 1
19 28 1
20 19 1
20 21 1
20 11 1
20 29 1
21 20 1
21 22 1
21 12 1
21 30 1
22 21 1
22 23 1
22 13 1
22 31 1
23 22 1
23 24 1
23 14 1
23 32 1
24 23 1
24 25 1
24 15 1
24 33 1
25 24 1
25 26 1
25 16 1
25 34 1
26 25 1
26 17 1
26 35 1
27 28 1
27 18 1
27 36 1
28 27 1
28 29 1
28 19 1
28 37 1
29 28 1
29 30 1
29 20 1
29 38 1
30 29 1
30 31 1
30 21 1
30 39 1
31 30 1
31 32 1
31 22 1
31 40 1
32 31 1
32 33 1
32 23 1
32 41 1
33 32 1
33 34 1
33 24 1
33 42 1
34 33 1
34 35 1
34 25 1
34 43 1
35 34 1
35 26 1
35 44 1
36 37 1
36 27 1
36 45 1
37 36 1
37 38 1
37 28 1
37 46 1
38 37 1
38 39 1
38 29 1
38 47 1
39 38 1
39 40 1
39 30 1
39 48 1
40 39 1
40 41 1
40 31 1
40 49 1
41 40 1
41 42 1
41 32 1
41 50 1
42 41 1
42 43 1
42 33 1
42 51 1
43 42 1
43 44 1
43 34 1
43 52 1
44 43 1
44 35 1
44 53 1
45 46 1
45 36 1
45 54 1
46 45 1
46 47 1
46 37 1
46 55 1
47 46 1
47 48 1
47 38 1
47 56 1
48 47 1
48 49 1
48 39 1
48 57 1
49 48 1
49 50 1
49 40 1
49 58 1
50 49 1
50 51 1
50 41 1
50 59 1
51 50 1
51 52 1
51 42 1
51 60 1
52 51 1
52 53 1
52 43 1
52 61 1
53 52 1
53 44 1
53 62 1
54 55 1
54 45 1
54 63 1
55 54 1
55 56 1
55 46 1
55 64 1
56 55 1
56 57 1
56 47 1
56 65 1
57 56 1
57 58 1
57 48 1
57 66 1
58 57 1
58 59 1
58 49 1
58 67 1
59 58 1
59 60 1
59 50 1
59 68 1
60 59 1
60 61 1
60 51 1
60 69 1
61 60 1
61 62 1
61 52 1
61 70 1
62 61 1
62 53 1
62 71 1
63 64 1
63 54 1
63 72 1
64 63 1
64 65 1
64 55 1
64 73 1
65 64 1
65 66 1
65 56 1
65 74 1
66 65 1
66 67 1
66 57 1
66 75 1
67 66 1
67 68 1
67 58 1
67 76 1
68 67 1
68 69 1
68 59 1
68 77 1
69 68 1
69 70 1
69 60 1
69 78 1
70 69 1
70 71 1
70 61 1
70 79 1
71 70 1
71 62 1
71 80 1
72 73 1
72 63 1
73 72 1
73 74 1
73 64 1
74 73 1
74 75 1
74 65 1
75 74 1
75 76 1
75 66 1
76 75 1
76 77 1
76 67 1
77 76 1
77 78 1
77 68 1
78 77 1
78 79 1
78 69 1
79 78 1
79 80 1
79 70 1
80 79 1
80 71 1
25
1
N
25
0 9
1
N
2
0 9
1
N
78
0 9
1
N
58
0 9
1
N
51
0 9
1
N
15
0 9
1
N
74
0 9
1
N
38
0 9
1
N
5
0 9
1
N
76
0 9
1
N
71
0 9
1
N
45
0 9
1
N
47
0 9
3
Y
63
8 8
N
63
0 7
N
63
9 9
1
N
70
0 9
1
N
16
0 9
1
N
44
0 9
1
N
7
0 9
1
N
67
0 9
1
N
60
0 9
1
N
12
0 9
1
N
13
0 9
5
Y
77
2 4
Y
41
0 9
Y
7
6 8
Y
70
1 5
Y
55
2 8
5
Y
19
7 8
Y
73
1 3
Y
67
0 7
Y
73
2 8
Y
11
5 6
5
Y
21
3 5
Y
61
2 2
Y
42
4 8
Y
71
3 3
Y
42
6 9
81 288
0 1 1
0 9 1
1 0 1
1 2 1
1 10 1
2 1 1
2 3 1
2 11 1
3 2 1
3 4 1
3 12 1
4 3 1
4 5 1
4 13 1
5 4 1
5 6 1
5 14 1
6 5 1
6 7 1
6 15 1
7 6 1
7 8 1
7 16 1
8 7 1
8 17 1
9 10 1
9 0 1
9 18 1
10 9 1
10 11 1
10 1 1
10 19 1
11 10 1
11 12 1
11 2 1
11 20 1
12 11 1
12 13 1
12 3 1
12 21 1
13 12 1
13 14 1
13 4 1
13 22 1
14 13 1
14 15 1
14 5 1
14 23 1
15 14 1
15 16 1
15 6 1
15 24 1
16 15 1
16 17 1
16 7 1
16 25 1
17 16 1
17 8 1
17 26 1
18 19 1
18 9 1
18 27 1
19 18 1
19 20 1
19 10 1
19 28 1
20 19 1
20 21 1
20 11 1
20 29 1
21 20 1
21 22 1
21 12 1
21 30 1
22 21 1
22 23 1
22 13 1
22 31 1
23 22 1
23 24 1
23 14 1
23 32 1
24 23 1
24 25 1
24 15 1
24 33 1
25 24 1
25 26 1
25 16 1
25 34 1
26 25 1
26 17 1
26 35 1
27 28 1
27 18 1
27 36 1
28 27 1
28 29 1
28 19 1
28 37 1
29 28 1
29 30 1
29 20 1
29 38 1
30 29 1
30 31 1
30 21 1
30 39 1
31 30 1
31 32 1
31 22 1
31 40 1
32 31 1
32 33 1
32 23 1
32 41 1
33 32 1
33 34 1
33 24 1
33 42 1
34 33 1
34 35 1
34 25 1
34 43 1
35 34 1
35 26 1
35 44 1
36 37 1
36 27 1
36 45 1
37 36 1
37 38 1
37 28 1
37 46 1
38 37 1
38 39 1
38 29 1
38 47 1
39 38 1
39 40 1
39 30 1
39 48 1
40 39 1
40 41 1
40 31 1
40 49 1
41 40 1
41 42 1
41 32 1
41 50 1
42 41 1
42 43 1
42 33 1
42 51 1
43 42 1
43 44 1
43 34 1
43 52 1
44 43 1
44 35 1
44 53 1
45 46 1
45 36 1
45 54 1
46 45 1
46 47 1
46 37 1
46 55 1
47 46 1
47 48 1
47 38 1
47 56 1
48 47 1
48 49 1
48 39 1
48 57 1
49 48 1
49 50 1
49 40 1
49 58 1
50 49 1
50 51 1
50 41 1
50 59 1
51 50 1
51 52 1
51 42 1
51 60 1
52 51 1
52 53 1
52 43 1
52 61 1
53 52 1
53 44 1
53 62 1
54 55 1
54 45 1
54 63 1
55 54 1
55 56 1
55 46 1
55 64 1
56 55 1
56 57 1
56 47 1
56 65 1
57 56 1
57 58 1
57 48 1
57 66 1
58 57 1
58 59 1
58 49 1
58 67 1
59 58 1
59 60 1
59 50 1
59 68 1
60 59 1
60 61 1
60 51 1
60 69 1
61 60 1
61 62 1
61 52 1
61 70 1
62 61 1
62 53 1
62 71 1
63 64 1
63 54 1
63 72 1
64 63 1
64 65 1
64 55 1
64 73 1
65 64 1
65 66 1
65 56 1
65 74 1
66 65 1
66 67 1
66 57 1
66 75 1
67 66 1
67 68 1
67 58 1
67 76 1
68 67 1
68 69 1
68 59 1
68 77 1
69 68 1
69 70 1
69 60 1
69 78 1
70 69 1
70 71 1
70 61 1
70 79 1
71 70 1
71 62 1
71 80 1
72 73 1
72 63 1
73 72 1
73 74 1
73 64 1
74 73 1
74 75 1
74 65 1
75 74 1
75 76 1
75 66 1
76 75 1
76 77 1
76 67 1
77 76 1
77 78 1
77 68 1
78 77 1
78 79 1
78 69 1
79 78 1
79 80 1
79 70 1
80 79 1
80 71 1
25
1
N
76
0 13
1
N
11
0 13
1
N
52
0 13
1
N
37
0 13
1
N
6
0 13
1
N
55
0 13
3
Y
77
10 10
N
77
0 9
N
77
11 13
1
N
5
0 13
3
Y
14
11 11
N
14
0 10
N
14
12 13
1
N
72
0 13
1
N
2
0 13
1
N
24
0 13
3
Y
68
9 9
N
68
0 8
N
68
10 13
1
N
18
0 13
1
N
64
0 13
1
N
15
0 13
1
N
70
0 13
1
N
65
0 13
3
Y
58
7 7
N
58
0 6
N
58
8 13
1
N
19
0 13
1
N
26
0 13
5
Y
71
2 8
Y
7
5 7
Y
43
11 12
Y
33
2 11
Y
26
2 5
5
Y
37
2 13
Y
17
9 10
Y
50
2 3
Y
73
3 7
Y
23
10 12
5
Y
67
2 11
Y
13
0 11
Y
72
8 8
Y
70
2 11
Y
38
1 7
5
Y
78
3 7
Y
13
2 12
Y
12
5 10
Y
25
4 13
Y
58
1 5
81 288
0 1 1
0 9 1
1 0 1
1 2 1
1 10 1
2 1 1
2 3 1
2 11 1
3 2 1
3 4 1
3 12 1
4 3 1
4 5 1
4 13 1
5 4 1
5 6 1
5 14 1
6 5 1
6 7 1
6 15 1
7 6 1
7 8 1
7 16 1
8 7 1
8 17 1
9 10 1
9 0 1
9 18 1
10 9 1
10 11 1
10 1 1
10 19 1
11 10 1
11 12 1
11 2 1
11 20 1
12 11 1
12 13 1
12 3 1
12 21 1
13 12 1
13 14 1
13 4 1
13 22 1
14 13 1
14 15 1
14 5 1
14 23 1
15 14 1
15 16 1
15 6 1
15 24 1
16 15 1
16 17 1
16 7 1
16 25 1
17 16 1
17 8 1
17 26 1
18 19 1
18 9 1
18 27 1
19 18 1
19 20 1
19 10 1
19 28 1
20 19 1
20 21 1
20 11 1
20 29 1
21 20 1
21 22 1
21 12 1
21 30 1
22 21 1
22 23 1
22 13 1
22 31 1
23 22 1
23 24 1
23 14 1
23 32 1
24 23 1
24 25 1
24 15 1
24 33 1
25 24 1
25 26 1
25 16 1
25 34 1
26 25 1
26 17 1
26 35 1
27 28 1
27 18 1
27 36 1
28 27 1
28 29 1
28 19 1
28 37 1
29 28 1
29 30 1
29 20 1
29 38 1
30 29 1
30 31 1
30 21 1
30 39 1
31 30 1
31 32 1
31 22 1
31 40 1
32 31 1
32 33 1
32 23 1
32 41 1
33 32 1
33 34 1
33 24 1
33 42 1
34 33 1
34 35 1
34 25 1
34 43 1
35 34 1
35 26 1
35 44 1
36 37 1
36 27 1
36 45 1
37 36 1
37 38 1
37 28 1
37 46 1
38 37 1
38 39 1
38 29 1
38 47 1
39 38 1
39 40 1
39 30 1
39 48 1
40 39 1
40 41 1
40 31 1
40 49 1
41 40 1
41 42 1
41 32 1
41 50 1
42 41 1
42 43 1
42 33 1
42 51 1
43 42 1
43 44 1
43 34 1
43 52 1
44 43 1
44 35 1
44 53 1
45 46 1
45 36 1
45 54 1
46 45 1
46 47 1
46 37 1
46 55 1
47 46 1
47 48 1
47 38 1
47 56 1
48 47 1
48 49 1
48 39 1
48 57 1
49 48 1
49 50 1
49 40 1
49 58 1
50 49 1
50 51 1
50 41 1
50 59 1
51 50 1
51 52 1
51 42 1
51 60 1
52 51 1
52 53 1
52 43 1
52 61 1
53 52 1
53 44 1
53 62 1
54 55 1
54 45 1
54 63 1
55 54 1
55 56 1
55 46 1
55 64 1
56 55 1
56 57 1
56 47 1
56 65 1
57 56 1
57 58 1
57 48 1
57 66 1
58 57 1
58 59 1
58 49 1
58 67 1
59 58 1
59 60 1
59 50 1
59 68 1
60 59 1
60 61 1
60 51 1
60 69 1
61 60 1
61 62 1
61 52 1
61 70 1
62 61 1
62 53 1
62 71 1
63 64 1
63 54 1
63 72 1
64 63 1
64 65 1
64 55 1
64 73 1
65 64 1
65 66 1
65 56 1
65 74 1
66 65 1
66 67 1
66 57 1
66 75 1
67 66 1
67 68 1
67 58 1
67 76 1
68 67 1
68 69 1
68 59 1
68 77 1
69 68 1
69 70 1
69 60 1
69 78 1
70 69 1
70 71 1
70 61 1
70 79 1
71 70 1
71 62 1
71 80 1
72 73 1
72 63 1
73 72 1
73 74 1
73 64 1
74 73 1
74 75 1
74 65 1
75 74 1
75 76 1
75 66 1
76 75 1
76 77 1
76 67 1
77 76 1
77 78 1
77 68 1
78 77 1
78 79 1
78 69 1
79 78 1
79 80 1
79 70 1
80 79 1
80 71 1
25
1
N
71
0 14
3
Y
31
5 5
N
31
0 4
N
31
6 14
1
N
72
0 14
1
N
7
0 14
1
N
60
0 14
1
N
23
0 14
1
N
44
0 14
1
N
66
0 14
3
Y
56
10 10
N
56
0 9
N
56
11 14
1
N
50
0 14
1
N
78
0 14
1
N
76
0 14
1
N
25
0 14
1
N
53
0 14
4
Y
33
7 7
Y
33
8 8
N
33
0 6
N
33
9 14
1
N
63
0 14
1
N
16
0 14
1
N
36
0 14
3
Y
52
10 10
N
52
0 9
N
52
11 14
1
N
6
0 14
5
Y
51
1 2
Y
44
4 8
Y
22
1 4
Y
36
8 11
Y
62
4 8
5
Y
6
0 2
Y
78
2 8
Y
8
10 10
Y
36
11 13
Y
64
3 8
5
Y
21
7 14
Y
39
2 9
Y
9
5 7
Y
44
7 10
Y
62
5 14
5
Y
5
2 8
Y
73
8 11
Y
0
5 6
Y
78
13 14
Y
12
0 7
5
Y
37
3 4
Y
38
3 11
Y
7
11 14
Y
50
3 4
Y
67
4 5
81 288
0 1 1
0 9 1
1 0 1
1 2 1
1 10 1
2 1 1
2 3 1
2 11 1
3 2 1
3 4 1
3 12 1
4 3 1
4 5 1
4 13 1
5 4 1
5 6 1
5 14 1
6 5 1
6 7 1
6 15 1
7 6 1
7 8 1
7 16 1
8 7 1
8 17 1
9 10 1
9 0 1
9 18 1
10 9 1
10 11 1
10 1 1
10 19 1
11 10 1
11 12 1
11 2 1
11 20 1
12 11 1
12 13 1
12 3 1
12 21 1
13 12 1
13 14 1
13 4 1
13 22 1
14 13 1
14 15 1
14 5 1
14 23 1
15 14 1
15 16 1
15 6 1
15 24 1
16 15 1
16 17 1
16 7 1
16 25 1
17 16 1
17 8 1
17 26 1
18 19 1
18 9 1
18 27 1
19 18 1
19 20 1
19 10 1
19 28 1
20 19 1
20 21 1
20 11 1
20 29 1
21 20 1
21 22 1
21 12 1
21 30 1
22 21 1
22 23 1
22 13 1
22 31 1
23 22 1
23 24 1
23 14 1
23 32 1
24 23 1
24 25 1
24 15 1
24 33 1
25 24 1
25 26 1
25 16 1
25 34 1
26 25 1
26 17 1
26 35 1
27 28 1
27 18 1
27 36 1
28 27 1
28 29 1
28 19 1
28 37 1
29 28 1
29 30 1
29 20 1
29 38 1
30 29 1
30 31 1
30 21 1
30 39 1
31 30 1
31 32 1
31 22 1
31 40 1
32 31 1
32 33 1
32 23 1
32 41 1
33 32 1
33 34 1
33 24 1
33 42 1
34 33 1
34 35 1
34 25 1
34 43 1
35 34 1
35 26 1
35 44 1
36 37 1
36 27 1
36 45 1
37 36 1
37 38 1
37 28 1
37 46 1
38 37 1
38 39 1
38 29 1
38 47 1
39 38 1
39 40 1
39 30 1
39 48 1
40 39 1
40 41 1
40 31 1
40 49 1
41 40 1
41 42 1
41 32 1
41 50 1
42 41 1
42 43 1
42 33 1
42 51 1
43 42 1
43 44 1
43 34 1
43 52 1
44 43 1
44 35 1
44 53 1
45 46 1
45 36 1
45 54 1
46 45 1
46 47 1
46 37 1
46 55 1
47 46 1
47 48 1
47 38 1
47 56 1
48 47 1
48 49 1
48 39 1
48 57 1
49 48 1
49 50 1
49 40 1
49 58 1
50 49 1
50 51 1
50 41 1
50 59 1
51 50 1
51 52 1
51 42 1
51 60 1
52 51 1
52 53 1
52 43 1
52 61 1
53 52 1
53 44 1
53 62 1
54 55 1
54 45 1
54 63 1
55 54 1
55 56 1
55 46 1
55 64 1
56 55 1
56 57 1
56 47 1
56 65 1
57 56 1
57 58 1
57 48 1
57 66 1
58 57 1
58 59 1
58 49 1
58 67 1
59 58 1
59 60 1
59 50 1
59 68 1
60 59 1
60 61 1
60 51 1
60 69 1
61 60 1
61 62 1
61 52 1
61 70 1
62 61 1
62 53 1
62 71 1
63 64 1
63 54 1
63 72 1
64 63 1
64 65 1
64 55 1
64 73 1
65 64 1
65 66 1
65 56 1
65 74 1
66 65 1
66 67 1
66 57 1
66 75 1
67 66 1
67 68 1
67 58 1
67 76 1
68 67 1
68 69 1
68 59 1
68 77 1
69 68 1
69 70 1
69 60 1
69 78 1
70 69 1
70 71 1
70 61 1
70 79 1
71 70 1
71 62 1
71 80 1
72 73 1
72 63 1
73 72 1
73 74 1
73 64 1
74 73 1
74 75 1
74 65 1
75 74 1
75 76 1
75 66 1
76 75 1
76 77 1
76 67 1
77 76 1
77 78 1
77 68 1
78 77 1
78 79 1
78 69 1
79 78 1
79 80 1
79 70 1
80 79 1
80 71 1
25
1
N
50
0 11
1
N
52
0 11
1
N
19
0 11
1
N
25
0 11
1
N
48
0 11
1
N
6
0 11
1
N
43
0 11
1
N
56
0 11
1
N
44
0 11
3
Y
21
7 7
N
21
0 6
N
21
8 11
1
N
10
0 11
3
Y
26
9 9
N
26
0 8
N
26
10 11
1
N
66
0 11
1
N
0
0 11
1
N
76
0 11
1
N
59
0 11
1
N
7
0 11
1
N
65
0 11
1
N
60
0 11
1
N
5
0 11
1
N
72
0 11
3
Y
35
8 8
N
35
0 7
N
35
9 11
1
N
61
0 11
1
N
71
0 11
1
N
67
0 11
81 288
0 1 1
0 9 1
1 0 1
1 2 1
1 10 1
2 1 1
2 3 1
2 11 1
3 2 1
3 4 1
3 12 1
4 3 1
4 5 1
4 13 1
5 4 1
5 6 1
5 14 1
6 5 1
6 7 1
6 15 1
7 6 1
7 8 1
7 16 1
8 7 1
8 17 1
9 10 1
9 0 1
9 18 1
10 9 1
10 11 1
10 1 1
10 19 1
11 10 1
11 12 1
11 2 1
11 20 1
12 11 1
12 13 1
12 3 1
12 21 1
13 12 1
13 14 1
13 4 1
13 22 1
14 13 1
14 15 1
14 5 1
14 23 1
15 14 1
15 16 1
15 6 1
15 24 1
16 15 1
16 17 1
16 7 1
16 25 1
17 16 1
17 8 1
17 26 1
18 19 1
18 9 1
18 27 1
19 18 1
19 20 1
19 10 1
19 28 1
20 19 1
20 21 1
20 11 1
20 29 1
21 20 1
21 22 1
21 12 1
21 30 1
22 21 1
22 23 1
22 13 1
22 31 1
23 22 1
23 24 1
23 14 1
23 32 1
24 23 1
24 25 1
24 15 1
24 33 1
25 24 1
25 26 1
25 16 1
25 34 1
26 25 1
26 17 1
26 35 1
27 28 1
27 18 1
27 36 1
28 27 1
28 29 1
28 19 1
28 37 1
29 28 1
29 30 1
29 20 1
29 38 1
30 29 1
30 31 1
30 21 1
30 39 1
31 30 1
31 32 1
31 22 1
31 40 1
32 31 1
32 33 1
32 23 1
32 41 1
33 32 1
33 34 1
33 24 1
33 42 1
34 33 1
34 35 1
34 25 1
34 43 1
35 34 1
35 26 1
35 44 1
36 37 1
36 27 1
36 45 1
37 36 1
37 38 1
37 28 1
37 46 1
38 37 1
38 39 1
38 29 1
38 47 1
39 38 1
39 40 1
39 30 1
39 48 1
40 39 1
40 41 1
40 31 1
40 49 1
41 40 1
41 42 1
41 32 1
41 50 1
42 41 1
42 43 1
42 33 1
42 51 1
43 42 1
43 44 1
43 34 1
43 52 1
44 43 1
44 35 1
44 53 1
45 46 1
45 36 1
45 54 1
46 45 1
46 47 1
46 37 1
46 55 1
47 46 1
47 48 1
47 38 1
47 56 1
48 47 1
48 49 1
48 39 1
48 57 1
49 48 1
49 50 1
49 40 1
49 58 1
50 49 1
50 51 1
50 41 1
50 59 1
51 50 1
51 52 1
51 42 1
51 60 1
52 51 1
52 53 1
52 43 1
52 61 1
53 52 1
53 44 1
53 62 1
54 55 1
54 45 1
54 63 1
55 54 1
55 56 1
55 46 1
55 64 1
56 55 1
56 57 1
56 47 1
56 65 1
57 56 1
57 58 1
57 48 1
57 66 1
58 57 1
58 59 1
58 49 1
58 67 1
59 58 1
59 60 1
59 50 1
59 68 1
60 59 1
60 61 1
60 51 1
60 69 1
61 60 1
61 62 1
61 52 1
61 70 1
62 61 1
62 53 1
62 71 1
63 64 1
63 54 1
63 72 1
64 63 1
64 65 1
64 55 1
64 73 1
65 64 1
65 66 1
65 56 1
65 74 1
66 65 1
66 67 1
66 57 1
66 75 1
67 66 1
67 68 1
67 58 1
67 76 1
68 67 1
68 69 1
68 59 1
68 77 1
69 68 1
69 70 1
69 60 1
69 78 1
70 69 1
70 71 1
70 61 1
70 79 1
71 70 1
71 62 1
71 80 1
72 73 1
72 63 1
73 72 1
73 74 1
73 64 1
74 73 1
74 75 1
74 65 1
75 74 1
75 76 1
75 66 1
76 75 1
76 77 1
76 67 1
77 76 1
77 78 1
77 68 1
78 77 1
78 79 1
78 69 1
79 78 1
79 80 1
79 70 1
80 79 1
80 71 1
25
1
N
63
0 12
1
N
68
0 12
3
Y
70
10 10
N
70
0 9
N
70
11 12
1
N
36
0 12
1
N
17
0 12
1
N
64
0 12
1
N
66
0 12
1
N
37
0 12
1
N
14
0 12
1
N
29
0 12
1
N
2
0 12
1
N
52
0 12
1
N
23
0 12
1
N
57
0 12
1
N
12
0 12
1
N
39
0 12
1
N
7
0 12
3
Y
58
6 6
N
58
0 5
N
58
7 12
1
N
46
0 12
1
N
8
0 12
1
N
28
0 12
1
N
4
0 12
1
N
62
0 12
1
N
20
0 12
5
Y
69
0 11
Y
48
6 7
Y
65
2 12
Y
6
10 11
Y
80
3 7
81 288
0 1 1
0 9 1
1 0 1
1 2 1
1 10 1
2 1 1
2 3 1
2 11 1
3 2 1
3 4 1
3 12 1
4 3 1
4 5 1
4 13 1
5 4 1
5 6 1
5 14 1
6 5 1
6 7 1
6 15 1
7 6 1
7 8 1
7 16 1
8 7 1
8 17 1
9 10 1
9 0 1
9 18 1
10 9 1
10 11 1
10 1 1
10 19 1
11 10 1
11 12 1
11 2 1
11 20 1
12 11 1
12 13 1
12 3 1
12 21 1
13 12 1
13 14 1
13 4 1
13 22 1
14 13 1
14 15 1
14 5 1
14 23 1
15 14 1
15 16 1
15 6 1
15 24 1
16 15 1
16 17 1
16 7 1
16 25 1
17 16 1
17 8 1
17 26 1
18 19 1
18 9 1
18 27 1
19 18 1
19 20 1
19 10 1
19 28 1
20 19 1
20 21 1
20 11 1
20 29 1
21 20 1
21 22 1
21 12 1
21 30 1
22 21 1
22 23 1
22 13 1
22 31 1
23 22 1
23 24 1
23 14 1
23 32 1
24 23 1
24 25 1
24 15 1
24 33 1
25 24 1
25 26 1
25 16 1
25 34 1
26 25 1
26 17 1
26 35 1
27 28 1
27 18 1
27 36 1
28 27 1
28 29 1
28 19 1
28 37 1
29 28 1
29 30 1
29 20 1
29 38 1
30 29 1
30 31 1
30 21 1
30 39 1
31 30 1
31 32 1
31 22 1
31 40 1
32 31 1
32 33 1
32 23 1
32 41 1
33 32 1
33 34 1
33 24 1
33 42 1
34 33 1
34 35 1
34 25 1
34 43 1
35 34 1
35 26 1
35 44 1
36 37 1
36 27 1
36 45 1
37 36 1
37 38 1
37 28 1
37 46 1
38 37 1
38 39 1
38 29 1
38 47 1
39 38 1
39 40 1
39 30 1
39 48 1
40 39 1
40 41 1
40 31 1
40 49 1
41 40 1
41 42 1
41 32 1
41 50 1
42 41 1
42 43 1
42 33 1
42 51 1
43 42 1
43 44 1
43 34 1
43 52 1
44 43 1
44 35 1
44 53 1
45 46 1
45 36 1
45 54 1
46 45 1
46 47 1
46 37 1
46 55 1
47 46 1
47 48 1
47 38 1
47 56 1
48 47 1
48 49 1
48 39 1
48 57 1
49 48 1
49 50 1
49 40 1
49 58 1
50 49 1
50 51 1
50 41 1
50 59 1
51 50 1
51 52 1
51 42 1
51 60 1
52 51 1
52 53 1
52 43 1
52 61 1
53 52 1
53 44 1
53 62 1
54 55 1
54 45 1
54 63 1
55 54 1
55 56 1
55 46 1
55 64 1
56 55 1
56 57 1
56 47 1
56 65 1
57 56 1
57 58 1
57 48 1
57 66 1
58 57 1
58 59 1
58 49 1
58 67 1
59 58 1
59 60 1
59 50 1
59 68 1
60 59 1
60 61 1
60 51 1
60 69 1
61 60 1
61 62 1
61 52 1
61 70 1
62 61 1
62 53 1
62 71 1
63 64 1
63 54 1
63 72 1
64 63 1
64 65 1
64 55 1
64 73 1
65 64 1
65 66 1
65 56 1
65 74 1
66 65 1
66 67 1
66 57 1
66 75 1
67 66 1
67 68 1
67 58 1
67 76 1
68 67 1
68 69 1
68 59 1
68 77 1
69 68 1
69 70 1
69 60 1
69 78 1
70 69 1
70 71 1
70 61 1
70 79 1
71 70 1
71 62 1
71 80 1
72 73 1
72 63 1
73 72 1
73 74 1
73 64 1
74 73 1
74 75 1
74 65 1
75 74 1
75 76 1
75 66 1
76 75 1
76 77 1
76 67 1
77 76 1
77 78 1
77 68 1
78 77 1
78 79 1
78 69 1
79 78 1
79 80 1
79 70 1
80 79 1
80 71 1
25
1
N
46
0 13
1
N
59
0 13
1
N
3
0 13
3
Y
52
9 9
N
52
0 8
N
52
10 13
1
N
11
0 13
1
N
39
0 13
1
N
58
0 13
1
N
18
0 13
1
N
34
0 13
1
N
43
0 13
3
Y
53
10 10
N
53
0 9
N
53
11 13
1
N
26
0 13
1
N
17
0 13
1
N
38
0 13
1
N
45
0 13
1
N
20
0 13
1
N
6
0 13
1
N
60
0 13
3
Y
41
4 4
N
41
0 3
N
41
5 13
1
N
15
0 13
1
N
5
0 13
1
N
48
0 13
1
N
33
0 13
5
Y
60
6 9
Y
75
3 9
Y
28
2 4
Y
66
2 9
Y
8
1 8
5
Y
56
3 9
Y
6
9 13
Y
29
0 12
Y
35
6 12
Y
5
8 11
81 288
0 1 1
0 9 1
1 0 1
1 2 1
1 10 1
2 1 1
2 3 1
2 11 1
3 2 1
3 4 1
3 12 1
4 3 1
4 5 1
4 13 1
5 4 1
5 6 1
5 14 1
6 5 1
6 7 1
6 15 1
7 6 1
7 8 1
7 16 1
8 7 1
8 17 1
9 10 1
9 0 1
9 18 1
10 9 1
10 11 1
10 1 1
10 19 1
11 10 1
11 12 1
11 2 1
11 20 1
12 11 1
12 13 1
12 3 1
12 21 1
13 12 1
13 14 1
13 4 1
13 22 1
14 13 1
14 15 1
14 5 1
14 23 1
15 14 1
15 16 1
15 6 1
15 24 1
16 15 1
16 17 1
16 7 1
16 25 1
17 16 1
17 8 1
17 26 1
18 19 1
18 9 1
18 27 1
19 18 1
19 20 1
19 10 1
19 28 1
20 19 1
20 21 1
20 11 1
20 29 1
21 20 1
21 22 1
21 12 1
21 30 1
22 21 1
22 23 1
22 13 1
22 31 1
23 22 1
23 24 1
23 14 1
23 32 1
24 23 1
24 25 1
24 15 1
24 33 1
25 24 1
25 26 1
25 16 1
25 34 1
26 25 1
26 17 1
26 35 1
27 28 1
27 18 1
27 36 1
28 27 1
28 29 1
28 19 1
28 37 1
29 28 1
29 30 1
29 20 1
29 38 1
30 29 1
30 31 1
30 21 1
30 39 1
31 30 1
31 32 1
31 22 1
31 40 1
32 31 1
32 33 1
32 23 1
32 41 1
33 32 1
33 34 1
33 24 1
33 42 1
34 33 1
34 35 1
34 25 1
34 43 1
35 34 1
35 26 1
35 44 1
36 37 1
36 27 1
36 45 1
37 36 1
37 38 1
37 28 1
37 46 1
38 37 1
38 39 1
38 29 1
38 47 1
39 38 1
39 40 1
39 30 1
39 48 1
40 39 1
40 41 1
40 31 1
40 49 1
41 40 1
41 42 1
41 32 1
41 50 1
42 41 1
42 43 1
42 33 1
42 51 1
43 42 1
43 44 1
43 34 1
43 52 1
44 43 1
44 35 1
44 53 1
45 46 1
45 36 1
45 54 1
46 45 1
46 47 1
46 37 1
46 55 1
47 46 1
47 48 1
47 38 1
47 56 1
48 47 1
48 49 1
48 39 1
48 57 1
49 48 1
49 50 1
49 40 1
49 58 1
50 49 1
50 51 1
50 41 1
50 59 1
51 50 1
51 52 1
51 42 1
51 60 1
52 51 1
52 53 1
52 43 1
52 61 1
53 52 1
53 44 1
53 62 1
54 55 1
54 45 1
54 63 1
55 54 1
55 56 1
55 46 1
55 64 1
56 55 1
56 57 1
56 47 1
56 65 1
57 56 1
57 58 1
57 48 1
57 66 1
58 57 1
58 59 1
58 49 1
58 67 1
59 58 1
59 60 1
59 50 1
59 68 1
60 59 1
60 61 1
60 51 1
60 69 1
61 60 1
61 62 1
61 52 1
61 70 1
62 61 1
62 53 1
62 71 1
63 64 1
63 54 1
63 72 1
64 63 1
64 65 1
64 55 1
64 73 1
65 64 1
65 66 1
65 56 1
65 74 1
66 65 1
66 67 1
66 57 1
66 75 1
67 66 1
67 68 1
67 58 1
67 76 1
68 67 1
68 69 1
68 59 1
68 77 1
69 68 1
69 70 1
69 60 1
69 78 1
70 69 1
70 71 1
70 61 1
70 79 1
71 70 1
71 62 1
71 80 1
72 73 1
72 63 1
73 72 1
73 74 1
73 64 1
74 73 1
74 75 1
74 65 1
75 74 1
75 76 1
75 66 1
76 75 1
76 77 1
76 67 1
77 76 1
77 78 1
77 68 1
78 77 1
78 79 1
78 69 1
79 78 1
79 80 1
79 70 1
80 79 1
80 71 1
25
1
N
59
0 18
1
N
12
0 18
1
N
71
0 18
1
N
7
0 18
3
Y
20
7 10
N
20
0 6
N
20
11 18
1
N
61
0 18
1
N
42
0 18
3
Y
9
17 17
N
9
0 16
N
9
18 18
1
N
65
0 18
3
Y
36
14 14
N
36
0 13
N
36
15 18
1
N
3
0 18
2
Y
0
18 18
N
0
0 17
1
N
23
0 18
3
Y
57
9 9
N
57
0 8
N
57
10 18
1
N
67
0 18
1
N
74
0 18
1
N
34
0 18
1
N
15
0 18
1
N
32
0 18
1
N
52
0 18
1
N
55
0 18
1
N
11
0 18
5
Y
24
7 17
Y
30
0 17
Y
67
0 7
Y
46
1 12
Y
8
7 8
5
Y
64
8 11
Y
51
6 11
Y
5
8 14
Y
37
2 5
Y
27
5 15
5
Y
40
8 18
Y
43
4 16
Y
36
7 17
Y
73
5 15
Y
16
2 6
81 288
0 1 1
0 9 1
1 0 1
1 2 1
1 10 1
2 1 1
2 3 1
2 11 1
3 2 1
3 4 1
3 12 1
4 3 1
4 5 1
4 13 1
5 4 1
5 6 1
5 14 1
6 5 1
6 7 1
6 15 1
7 6 1
7 8 1
7 16 1
8 7 1
8 17 1
9 10 1
9 0 1
9 18 1
10 9 1
10 11 1
10 1 1
10 19 1
11 10 1
11 12 1
11 2 1
11 20 1
12 11 1
12 13 1
12 3 1
12 21 1
13 12 1
13 14 1
13 4 1
13 22 1
14 13 1
14 15 1
14 5 1
14 23 1
15 14 1
15 16 1
15 6 1
15 24 1
16 15 1
16 17 1
16 7 1
16 25 1
17 16 1
17 8 1
17 26 1
18 19 1
18 9 1
18 27 1
19 18 1
19 20 1
19 10 1
19 28 1
20 19 1
20 21 1
20 11 1
20 29 1
21 20 1
21 22 1
21 12 1
21 30 1
22 21 1
22 23 1
22 13 1
22 31 1
23 22 1
23 24 1
23 14 1
23 32 1
24 23 1
24 25 1
24 15 1
24 33 1
25 24 1
25 26 1
25 16 1
25 34 1
26 25 1
26 17 1
26 35 1
27 28 1
27 18 1
27 36 1
28 27 1
28 29 1
28 19 1
28 37 1
29 28 1
29 30 1
29 20 1
29 38 1
30 29 1
30 31 1
30 21 1
30 39 1
31 30 1
31 32 1
31 22 1
31 40 1
32 31 1
32 33 1
32 23 1
32 41 1
33 32 1
33 34 1
33 24 1
33 42 1
34 33 1
34 35 1
34 25 1
34 43 1
35 34 1
35 26 1
35 44 1
36 37 1
36 27 1
36 45 1
37 36 1
37 38 1
37 28 1
37 46 1
38 37 1
38 39 1
38 29 1
38 47 1
39 38 1
39 40 1
39 30 1
39 48 1
40 39 1
40 41 1
40 31 1
40 49 1
41 40 1
41 42 1
41 32 1
41 50 1
42 41 1
42 43 1
42 33 1
42 51 1
43 42 1
43 44 1
43 34 1
43 52 1
44 43 1
44 35 1
44 53 1
45 46 1
45 36 1
45 54 1
46 45 1
46 47 1
46 37 1
46 55 1
47 46 1
47 48 1
47 38 1
47 56 1
48 47 1
48 49 1
48 39 1
48 57 1
49 48 1
49 50 1
49 40 1
49 58 1
50 49 1
50 51 1
50 41 1
50 59 1
51 50 1
51 52 1
51 42 1
51 60 1
52 51 1
52 53 1
52 43 1
52 61 1
53 52 1
53 44 1
53 62 1
54 55 1
54 45 1
54 63 1
55 54 1
55 56 1
55 46 1
55 64 1
56 55 1
56 57 1
56 47 1
56 65 1
57 56 1
57 58 1
57 48 1
57 66 1
58 57 1
58 59 1
58 49 1
58 67 1
59 58 1
59 60 1
59 50 1
59 68 1
60 59 1
60 61 1
60 51 1
60 69 1
61 60 1
61 62 1
61 52 1
61 70 1
62 61 1
62 53 1
62 71 1
63 64 1
63 54 1
63 72 1
64 63 1
64 65 1
64 55 1
64 73 1
65 64 1
65 66 1
65 56 1
65 74 1
66 65 1
66 67 1
66 57 1
66 75 1
67 66 1
67 68 1
67 58 1
67 76 1
68 67 1
68 69 1
68 59 1
68 77 1
69 68 1
69 70 1
69 60 1
69 78 1
70 69 1
70 71 1
70 61 1
70 79 1
71 70 1
71 62 1
71 80 1
72 73 1
72 63 1
73 72 1
73 74 1
73 64 1
74 73 1
74 75 1
74 65 1
75 74 1
75 76 1
75 66 1
76 75 1
76 77 1
76 67 1
77 76 1
77 78 1
77 68 1
78 77 1
78 79 1
78 69 1
79 78 1
79 80 1
79 70 1
80 79 1
80 71 1
25
3
Y
32
10 10
N
32
0 9
N
32
11 18
1
N
26
0 18
3
Y
2
16 16
N
2
0 15
N
2
17 18
1
N
5
0 18
1
N
36
0 18
1
N
66
0 18
1
N
19
0 18
1
N
7
0 18
1
N
79
0 18
1
N
78
0 18
1
N
18
0 18
1
N
8
0 18
5
Y
49
2 2
Y
49
4 4
N
49
0 1
N
49
3 3
N
49
5 18
3
Y
33
14 14
N
33
0 13
N
33
15 18
3
Y
43
6 7
N
43
0 5
N
43
8 18
1
N
46
0 18
1
N
10
0 18
1
N
61
0 18
1
N
75
0 18
1
N
25
0 18
1
N
31
0 18
5
Y
9
10 10
Y
13
4 7
Y
20
0 15
Y
23
0 2
Y
24
4 16
5
Y
17
4 8
Y
25
9 15
Y
40
7 16
Y
78
12 13
Y
7
2 14
5
Y
65
1 14
Y
22
1 18
Y
61
8 12
Y
46
17 18
Y
51
2 11
5
Y
38
16 18
Y
67
1 17
Y
69
8 17
Y
66
5 8
Y
57
7 14
81 288
0 1 1
0 9 1
1 0 1
1 2 1
1 10 1
2 1 1
2 3 1
2 11 1
3 2 1
3 4 1
3 12 1
4 3 1
4 5 1
4 13 1
5 4 1
5 6 1
5 14 1
6 5 1
6 7 1
6 15 1
7 6 1
7 8 1
7 16 1
8 7 1
8 17 1
9 10 1
9 0 1
9 18 1
10 9 1
10 11 1
10 1 1
10 19 1
11 10 1
11 12 1
11 2 1
11 20 1
12 11 1
12 13 1
12 3 1
12 21 1
13 12 1
13 14 1
13 4 1
13 22 1
14 13 1
14 15 1
14 5 1
14 23 1
15 14 1
15 16 1
15 6 1
15 24 1
16 15 1
16 17 1
16 7 1
16 25 1
17 16 1
17 8 1
17 26 1
18 19 1
18 9 1
18 27 1
19 18 1
19 20 1
19 10 1
19 28 1
20 19 1
20 21 1
20 11 1
20 29 1
21 20 1
21 22 1
21 12 1
21 30 1
22 21 1
22 23 1
22 13 1
22 31 1
23 22 1
23 24 1
23 14 1
23 32 1
24 23 1
24 25 1
24 15 1
24 33 1
25 24 1
25 26 1
25 16 1
25 34 1
26 25 1
26 17 1
26 35 1
27 28 1
27 18 1
27 36 1
28 27 1
28 29 1
28 19 1
28 37 1
29 28 1
29 30 1
29 20 1
29 38 1
30 29 1
30 31 1
30 21 1
30 39 1
31 30 1
31 32 1
31 22 1
31 40 1
32 31 1
32 33 1
32 23 1
32 41 1
33 32 1
33 34 1
33 24 1
33 42 1
34 33 1
34 35 1
34 25 1
34 43 1
35 34 1
35 26 1
35 44 1
36 37 1
36 27 1
36 45 1
37 36 1
37 38 1
37 28 1
37 46 1
38 37 1
38 39 1
38 29 1
38 47 1
39 38 1
39 40 1
39 30 1
39 48 1
40 39 1
40 41 1
40 31 1
40 49 1
41 40 1
41 42 1
41 32 1
41 50 1
42 41 1
42 43 1
42 33 1
42 51 1
43 42 1
43 44 1
43 34 1
43 52 1
44 43 1
44 35 1
44 53 1
45 46 1
45 36 1
45 54 1
46 45 1
46 47 1
46 37 1
46 55 1
47 46 1
47 48 1
47 38 1
47 56 1
48 47 1
48 49 1
48 39 1
48 57 1
49 48 1
49 50 1
49 40 1
49 58 1
50 49 1
50 51 1
50 41 1
50 59 1
51 50 1
51 52 1
51 42 1
51 60 1
52 51 1
52 53 1
52 43 1
52 61 1
53 52 1
53 44 1
53 62 1
54 55 1
54 45 1
54 63 1
55 54 1
55 56 1
55 46 1
55 64 1
56 55 1
56 57 1
56 47 1
56 65 1
57 56 1
57 58 1
57 48 1
57 66 1
58 57 1
58 59 1
58 49 1
58 67 1
59 58 1
59 60 1
59 50 1
59 68 1
60 59 1
60 61 1
60 51 1
60 69 1
61 60 1
61 62 1
61 52 1
61 70 1
62 61 1
62 53 1
62 71 1
63 64 1
63 54 1
63 72 1
64 63 1
64 65 1
64 55 1
64 73 1
65 64 1
65 66 1
65 56 1
65 74 1
66 65 1
66 67 1
66 57 1
66 75 1
67 66 1
67 68 1
67 58 1
67 76 1
68 67 1
68 69 1
68 59 1
68 77 1
69 68 1
69 70 1
69 60 1
69 78 1
70 69 1
70 71 1
70 61 1
70 79 1
71 70 1
71 62 1
71 80 1
72 73 1
72 63 1
73 72 1
73 74 1
73 64 1
74 73 1
74 75 1
74 65 1
75 74 1
75 76 1
75 66 1
76 75 1
76 77 1
76 67 1
77 76 1
77 78 1
77 68 1
78 77 1
78 79 1
78 69 1
79 78 1
79 80 1
79 70 1
80 79 1
80 71 1
25
1
N
9
0 10
1
N
1
0 10
1
N
75
0 10
1
N
77
0 10
1
N
73
0 10
1
N
67
0 10
1
N
46
0 10
1
N
47
0 10
1
N
2
0 10
1
N
70
0 10
1
N
3
0 10
1
N
50
0 10
1
N
76
0 10
1
N
7
0 10
1
N
43
0 10
3
Y
29
2 3
N
29
0 1
N
29
4 10
1
N
71
0 10
4
Y
66
2 2
Y
66
3 4
N
66
0 1
N
66
5 10
1
N
60
0 10
1
N
27
0 10
5
Y
74
5 8
Y
26
4 10
Y
17
0 9
Y
68
0 4
Y
30
8 9
5
Y
14
1 7
Y
77
0 3
Y
75
6 8
Y
67
9 10
Y
2
4 4
5
Y
62
2 3
Y
1
1 7
Y
17
1 9
Y
15
1 7
Y
22
2 9
5
Y
30
2 7
Y
3
0 7
Y
35
2 7
Y
5
3 9
Y
57
2 2
5
Y
5
2 7
Y
56
5 10
Y
19
6 8
Y
1
2 7
Y
28
4 8
81 288
0 1 1
0 9 1
1 0 1
1 2 1
1 10 1
2 1 1
2 3 1
2 11 1
3 2 1
3 4 1
3 12 1
4 3 1
4 5 1
4 13 1
5 4 1
5 6 1
5 14 1
6 5 1
6 7 1
6 15 1
7 6 1
7 8 1
7 16 1
8 7 1
8 17 1
9 10 1
9 0 1
9 18 1
10 9 1
10 11 1
10 1 1
10 19 1
11 10 1
11 12 1
11 2 1
11 20 1
12 11 1
12 13 1
12 3 1
12 21 1
13 12 1
13 14 1
13 4 1
13 22 1
14 13 1
14 15 1
14 5 1
14 23 1
15 14 1
15 16 1
15 6 1
15 24 1
16 15 1
16 17 1
16 7 1
16 25 1
17 16 1
17 8 1
17 26 1
18 19 1
18 9 1
18 27 1
19 18 1
19 20 1
19 10 1
19 28 1
20 19 1
20 21 1
20 11 1
20 29 1
21 20 1
21 22 1
21 12 1
21 30 1
22 21 1
22 23 1
22 13 1
22 31 1
23 22 1
23 24 1
23 14 1
23 32 1
24 23 1
24 25 1
24 15 1
24 33 1
25 24 1
25 26 1
25 16 1
25 34 1
26 25 1
26 17 1
26 35 1
27 28 1
27 18 1
27 36 1
28 27 1
28 29 1
28 19 1
28 37 1
29 28 1
29 30 1
29 20 1
29 38 1
30 29 1
30 31 1
30 21 1
30 39 1
31 30 1
31 32 1
31 22 1
31 40 1
32 31 1
32 33 1
32 23 1
32 41 1
33 32 1
33 34 1
33 24 1
33 42 1
34 33 1
34 35 1
34 25 1
34 43 1
35 34 1
35 26 1
35 44 1
36 37 1
36 27 1
36 45 1
37 36 1
37 38 1
37 28 1
37 46 1
38 37 1
38 39 1
38 29 1
38 47 1
39 38 1
39 40 1
39 30 1
39 48 1
40 39 1
40 41 1
40 31 1
40 49 1
41 40 1
41 42 1
41 32 1
41 50 1
42 41 1
42 43 1
42 33 1
42 51 1
43 42 1
43 44 1
43 34 1
43 52 1
44 43 1
44 35 1
44 53 1
45 46 1
45 36 1
45 54 1
46 45 1
46 47 1
46 37 1
46 55 1
47 46 1
47 48 1
47 38 1
47 56 1
48 47 1
48 49 1
48 39 1
48 57 1
49 48 1
49 50 1
49 40 1
49 58 1
50 49 1
50 51 1
50 41 1
50 59 1
51 50 1
51 52 1
51 42 1
51 60 1
52 51 1
52 53 1
52 43 1
52 61 1
53 52 1
53 44 1
53 62 1
54 55 1
54 45 1
54 63 1
55 54 1
55 56 1
55 46 1
55 64 1
56 55 1
56 57 1
56 47 1
56 65 1
57 56 1
57 58 1
57 48 1
57 66 1
58 57 1
58 59 1
58 49 1
58 67 1
59 58 1
59 60 1
59 50 1
59 68 1
60 59 1
60 61 1
60 51 1
60 69 1
61 60 1
61 62 1
61 52 1
61 70 1
62 61 1
62 53 1
62 71 1
63 64 1
63 54 1
63 72 1
64 63 1
64 65 1
64 55 1
64 73 1
65 64 1
65 66 1
65 56 1
65 74 1
66 65 1
66 67 1
66 57 1
66 75 1
67 66 1
67 68 1
67 58 1
67 76 1
68 67 1
68 69 1
68 59 1
68 77 1
69 68 1
69 70 1
69 60 1
69 78 1
70 69 1
70 71 1
70 61 1
70 79 1
71 70 1
71 62 1
71 80 1
72 73 1
72 63 1
73 72 1
73 74 1
73 64 1
74 73 1
74 75 1
74 65 1
75 74 1
75 76 1
75 66 1
76 75 1
76 77 1
76 67 1
77 76 1
77 78 1
77 68 1
78 77 1
78 79 1
78 69 1
79 78 1
79 80 1
79 70 1
80 79 1
80 71 1
25
1
N
30
0 9
2
Y
40
0 1
N
40
2 9
1
N
77
0 9
1
N
25
0 9
1
N
1
0 9
1
N
45
0 9
1
N
65
0 9
1
N
17
0 9
1
N
78
0 9
1
N
61
0 9
1
N
51
0 9
1
N
44
0 9
1
N
70
0 9
1
N
53
0 9
1
N
13
0 9
1
N
58
0 9
1
N
66
0 9
3
Y
4
1 2
N
4
0 0
N
4
3 9
1
N
14
0 9
1
N
7
0 9
1
N
12
0 9
1
N
21
0 9
1
N
62
0 9
1
N
50
0 9
1
N
73
0 9
81 288
0 1 1
0 9 1
1 0 1
1 2 1
1 10 1
2 1 1
2 3 1
2 11 1
3 2 1
3 4 1
3 12 1
4 3 1
4 5 1
4 13 1
5 4 1
5 6 1
5 14 1
6 5 1
6 7 1
6 15 1
7 6 1
7 8 1
7 16 1
8 7 1
8 17 1
9 10 1
9 0 1
9 18 1
10 9 1
10 11 1
10 1 1
10 19 1
11 10 1
11 12 1
11 2 1
11 20 1
12 11 1
12 13 1
12 3 1
12 21 1
13 12 1
13 14 1
13 4 1
13 22 1
14 13 1
14 15 1
14 5 1
14 23 1
15 14 1
15 16 1
15 6 1
15 24 1
16 15 1
16 17 1
16 7 1
16 25 1
17 16 1
17 8 1
17 26 1
18 19 1
18 9 1
18 27 1
19 18 1
19 20 1
19 10 1
19 28 1
20 19 1
20 21 1
20 11 1
20 29 1
21 20 1
21 22 1
21 12 1
21 30 1
22 21 1
22 23 1
22 13 1
22 31 1
23 22 1
23 24 1
23 14 1
23 32 1
24 23 1
24 25 1
24 15 1
24 33 1
25 24 1
25 26 1
25 16 1
25 34 1
26 25 1
26 17 1
26 35 1
27 28 1
27 18 1
27 36 1
28 27 1
28 29 1
28 19 1
28 37 1
29 28 1
29 30 1
29 20 1
29 38 1
30 29 1
30 31 1
30 21 1
30 39 1
31 30 1
31 32 1
31 22 1
31 40 1
32 31 1
32 33 1
32 23 1
32 41 1
33 32 1
33 34 1
33 24 1
33 42 1
34 33 1
34 35 1
34 25 1
34 43 1
35 34 1
35 26 1
35 44 1
36 37 1
36 27 1
36 45 1
37 36 1
37 38 1
37 28 1
37 46 1
38 37 1
38 39 1
38 29 1
38 47 1
39 38 1
39 40 1
39 30 1
39 48 1
40 39 1
40 41 1
40 31 1
40 49 1
41 40 1
41 42 1
41 32 1
41 50 1
42 41 1
42 43 1
42 33 1
42 51 1
43 42 1
43 44 1
43 34 1
43 52 1
44 43 1
44 35 1
44 53 1
45 46 1
45 36 1
45 54 1
46 45 1
46 47 1
46 37 1
46 55 1
47 46 1
47 48 1
47 38 1
47 56 1
48 47 1
48 49 1
48 39 1
48 57 1
49 48 1
49 50 1
49 40 1
49 58 1
50 49 1
50 51 1
50 41 1
50 59 1
51 50 1
51 52 1
51 42 1
51 60 1
52 51 1
52 53 1
52 43 1
52 61 1
53 52 1
53 44 1
53 62 1
54 55 1
54 45 1
54 63 1
55 54 1
55 56 1
55 46 1
55 64 1
56 55 1
56 57 1
56 47 1
56 65 1
57 56 1
57 58 1
57 48 1
57 66 1
58 57 1
58 59 1
58 49 1
58 67 1
59 58 1
59 60 1
59 50 1
59 68 1
60 59 1
60 61 1
60 51 1
60 69 1
61 60 1
61 62 1
61 52 1
61 70 1
62 61 1
62 53 1
62 71 1
63 64 1
63 54 1
63 72 1
64 63 1
64 65 1
64 55 1
64 73 1
65 64 1
65 66 1
65 56 1
65 74 1
66 65 1
66 67 1
66 57 1
66 75 1
67 66 1
67 68 1
67 58 1
67 76 1
68 67 1
68 69 1
68 59 1
68 77 1
69 68 1
69 70 1
69 60 1
69 78 1
70 69 1
70 71 1
70 61 1
70 79 1
71 70 1
71 62 1
71 80 1
72 73 1
72 63 1
73 72 1
73 74 1
73 64 1
74 73 1
74 75 1
74 65 1
75 74 1
75 76 1
75 66 1
76 75 1
76 77 1
76 67 1
77 76 1
77 78 1
77 68 1
78 77 1
78 79 1
78 69 1
79 78 1
79 80 1
79 70 1
80 79 1
80 71 1
25
3
Y
58
8 8
N
58
0 7
N
58
9 9
1
N
63
0 9
1
N
74
0 9
1
N
37
0 9
1
N
69
0 9
2
Y
40
0 1
N
40
2 9
2
Y
47
0 4
N
47
5 9
3
Y
31
2 2
N
31
0 1
N
31
3 9
1
N
75
0 9
1
N
14
0 9
1
N
27
0 9
1
N
3
0 9
1
N
61
0 9
1
N
77
0 9
1
N
54
0 9
1
N
59
0 9
2
Y
8
9 9
N
8
0 8
1
N
78
0 9
1
N
42
0 9
1
N
7
0 9
1
N
19
0 9
1
N
53
0 9
1
N
67
0 9
1
N
33
0 9
5
Y
80
7 9
Y
76
4 5
Y
50
0 7
Y
35
0 7
Y
18
4 8
81 288
0 1 1
0 9 1
1 0 1
1 2 1
1 10 1
2 1 1
2 3 1
2 11 1
3 2 1
3 4 1
3 12 1
4 3 1
4 5 1
4 13 1
5 4 1
5 6 1
5 14 1
6 5 1
6 7 1
6 15 1
7 6 1
7 8 1
7 16 1
8 7 1
8 17 1
9 10 1
9 0 1
9 18 1
10 9 1
10 11 1
10 1 1
10 19 1
11 10 1
11 12 1
11 2 1
11 20 1
12 11 1
12 13 1
12 3 1
12 21 1
13 12 1
13 14 1
13 4 1
13 22 1
14 13 1
14 15 1
14 5 1
14 23 1
15 14 1
15 16 1
15 6 1
15 24 1
16 15 1
16 17 1
16 7 1
16 25 1
17 16 1
17 8 1
17 26 1
18 19 1
18 9 1
18 27 1
19 18 1
19 20 1
19 10 1
19 28 1
20 19 1
20 21 1
20 11 1
20 29 1
21 20 1
21 22 1
21 12 1
21 30 1
22 21 1
22 23 1
22 13 1
22 31 1
23 22 1
23 24 1
23 14 1
23 32 1
24 23 1
24 25 1
24 15 1
24 33 1
25 24 1
25 26 1
25 16 1
25 34 1
26 25 1
26 17 1
26 35 1
27 28 1
27 18 1
27 36 1
28 27 1
28 29 1
28 19 1
28 37 1
29 28 1
29 30 1
29 20 1
29 38 1
30 29 1
30 31 1
30 21 1
30 39 1
31 30 1
31 32 1
31 22 1
31 40 1
32 31 1
32 33 1
32 23 1
32 41 1
33 32 1
33 34 1
33 24 1
33 42 1
34 33 1
34 35 1
34 25 1
34 43 1
35 34 1
35 26 1
35 44 1
36 37 1
36 27 1
36 45 1
37 36 1
37 38 1
37 28 1
37 46 1
38 37 1
38 39 1
38 29 1
38 47 1
39 38 1
39 40 1
39 30 1
39 48 1
40 39 1
40 41 1
40 31 1
40 49 1
41 40 1
41 42 1
41 32 1
41 50 1
42 41 1
42 43 1
42 33 1
42 51 1
43 42 1
43 44 1
43 34 1
43 52 1
44 43 1
44 35 1
44 53 1
45 46 1
45 36 1
45 54 1
46 45 1
46 47 1
46 37 1
46 55 1
47 46 1
47 48 1
47 38 1
47 56 1
48 47 1
48 49 1
48 39 1
48 57 1
49 48 1
49 50 1
49 40 1
49 58 1
50 49 1
50 51 1
50 41 1
50 59 1
51 50 1
51 52 1
51 42 1
51 60 1
52 51 1
52 53 1
52 43 1
52 61 1
53 52 1
53 44 1
53 62 1
54 55 1
54 45 1
54 63 1
55 54 1
55 56 1
55 46 1
55 64 1
56 55 1
56 57 1
56 47 1
56 65 1
57 56 1
57 58 1
57 48 1
57 66 1
58 57 1
58 59 1
58 49 1
58 67 1
59 58 1
59 60 1
59 50 1
59 68 1
60 59 1
60 61 1
60 51 1
60 69 1
61 60 1
61 62 1
61 52 1
61 70 1
62 61 1
62 53 1
62 71 1
63 64 1
63 54 1
63 72 1
64 63 1
64 65 1
64 55 1
64 73 1
65 64 1
65 66 1
65 56 1
65 74 1
66 65 1
66 67 1
66 57 1
66 75 1
67 66 1
67 68 1
67 58 1
67 76 1
68 67 1
68 69 1
68 59 1
68 77 1
69 68 1
69 70 1
69 60 1
69 78 1
70 69 1
70 71 1
70 61 1
70 79 1
71 70 1
71 62 1
71 80 1
72 73 1
72 63 1
73 72 1
73 74 1
73 64 1
74 73 1
74 75 1
74 65 1
75 74 1
75 76 1
75 66 1
76 75 1
76 77 1
76 67 1
77 76 1
77 78 1
77 68 1
78 77 1
78 79 1
78 69 1
79 78 1
79 80 1
79 70 1
80 79 1
80 71 1
25
1
N
27
0 10
1
N
56
0 10
1
N
9
0 10
1
N
43
0 10
3
Y
31
1 1
N
31
0 0
N
31
2 10
1
N
37
0 10
1
N
12
0 10
1
N
66
0 10
5
Y
47
5 5
Y
47
1 2
N
47
0 0
N
47
3 4
N
47
6 10
3
Y
46
6 6
N
46
0 5
N
46
7 10
1
N
20
0 10
1
N
4
0 10
1
N
44
0 10
1
N
79
0 10
1
N
61
0 10
1
N
55
0 10
4
Y
40
0 0
Y
40
2 2
N
40
1 1
N
40
3 10
1
N
15
0 10
1
N
36
0 10
1
N
51
0 10
2
Y
6
0 4
N
6
5 10
1
N
76
0 10
3
Y
34
9 9
N
34
0 8
N
34
10 10
5
Y
69
5 7
Y
32
6 8
Y
80
7 10
Y
0
5 6
Y
47
3 10
5
Y
69
0 3
Y
65
3 8
Y
14
5 10
Y
66
5 9
Y
47
0 3
81 288
0 1 1
0 9 1
1 0 1
1 2 1
1 10 1
2 1 1
2 3 1
2 11 1
3 2 1
3 4 1
3 12 1
4 3 1
4 5 1
4 13 1
5 4 1
5 6 1
5 14 1
6 5 1
6 7 1
6 15 1
7 6 1
7 8 1
7 16 1
8 7 1
8 17 1
9 10 1
9 0 1
9 18 1
10 9 1
10 11 1
10 1 1
10 19 1
11 10 1
11 12 1
11 2 1
11 20 1
12 11 1
12 13 1
12 3 1
12 21 1
13 12 1
13 14 1
13 4 1
13 22 1
14 13 1
14 15 1
14 5 1
14 23 1
15 14 1
15 16 1
15 6 1
15 24 1
16 15 1
16 17 1
16 7 1
16 25 1
17 16 1
17 8 1
17 26 1
18 19 1
18 9 1
18 27 1
19 18 1
19 20 1
19 10 1
19 28 1
20 19 1
20 21 1
20 11 1
20 29 1
21 20 1
21 22 1
21 12 1
21 30 1
22 21 1
22 23 1
22 13 1
22 31 1
23 22 1
23 24 1
23 14 1
23 32 1
24 23 1
24 25 1
24 15 1
24 33 1
25 24 1
25 26 1
25 16 1
25 34 1
26 25 1
26 17 1
26 35 1
27 28 1
27 18 1
27 36 1
28 27 1
28 29 1
28 19 1
28 37 1
29 28 1
29 30 1
29 20 1
29 38 1
30 29 1
30 31 1
30 21 1
30 39 1
31 30 1
31 32 1
31 22 1
31 40 1
32 31 1
32 33 1
32 23 1
32 41 1
33 32 1
33 34 1
33 24 1
33 42 1
34 33 1
34 35 1
34 25 1
34 43 1
35 34 1
35 26 1
35 44 1
36 37 1
36 27 1
36 45 1
37 36 1
37 38 1
37 28 1
37 46 1
38 37 1
38 39 1
38 29 1
38 47 1
39 38 1
39 40 1
39 30 1
39 48 1
40 39 1
40 41 1
40 31 1
40 49 1
41 40 1
41 42 1
41 32 1
41 50 1
42 41 1
42 43 1
42 33 1
42 51 1
43 42 1
43 44 1
43 34 1
43 52 1
44 43 1
44 35 1
44 53 1
45 46 1
45 36 1
45 54 1
46 45 1
46 47 1
46 37 1
46 55 1
47 46 1
47 48 1
47 38 1
47 56 1
48 47 1
48 49 1
48 39 1
48 57 1
49 48 1
49 50 1
49 40 1
49 58 1
50 49 1
50 51 1
50 41 1
50 59 1
51 50 1
51 52 1
51 42 1
51 60 1
52 51 1
52 53 1
52 43 1
52 61 1
53 52 1
53 44 1
53 62 1
54 55 1
54 45 1
54 63 1
55 54 1
55 56 1
55 46 1
55 64 1
56 55 1
56 57 1
56 47 1
56 65 1
57 56 1
57 58 1
57 48 1
57 66 1
58 57 1
58 59 1
58 49 1
58 67 1
59 58 1
59 60 1
59 50 1
59 68 1
60 59 1
60 61 1
60 51 1
60 69 1
61 60 1
61 62 1
61 52 1
61 70 1
62 61 1
62 53 1
62 71 1
63 64 1
63 54 1
63 72 1
64 63 1
64 65 1
64 55 1
64 73 1
65 64 1
65 66 1
65 56 1
65 74 1
66 65 1
66 67 1
66 57 1
66 75 1
67 66 1
67 68 1
67 58 1
67 76 1
68 67 1
68 69 1
68 59 1
68 77 1
69 68 1
69 70 1
69 60 1
69 78 1
70 69 1
70 71 1
70 61 1
70 79 1
71 70 1
71 62 1
71 80 1
72 73 1
72 63 1
73 72 1
73 74 1
73 64 1
74 73 1
74 75 1
74 65 1
75 74 1
75 76 1
75 66 1
76 75 1
76 77 1
76 67 1
77 76 1
77 78 1
77 68 1
78 77 1
78 79 1
78 69 1
79 78 1
79 80 1
79 70 1
80 79 1
80 71 1
25
1
N
69
0 11
1
N
35
0 11
1
N
30
0 11
1
N
24
0 11
3
Y
40
3 3
N
40
0 2
N
40
4 11
1
N
2
0 11
1
N
27
0 11
3
Y
10
10 10
N
10
0 9
N
10
11 11
1
N
39
0 11
3
Y
70
9 9
N
70
0 8
N
70
10 11
1
N
46
0 11
3
Y
34
1 2
N
34
0 0
N
34
3 11
1
N
28
0 11
1
N
74
0 11
5
Y
32
4 4
Y
32
9 9
N
32
0 3
N
32
5 8
N
32
10 11
1
N
65
0 11
1
N
52
0 11
1
N
59
0 11
1
N
36
0 11
1
N
14
0 11
4
Y
58
5 5
Y
58
6 6
N
58
0 4
N
58
7 11
1
N
73
0 11
5
Y
2
3 9
Y
15
2 9
Y
38
0 10
Y
75
6 11
Y
27
2 2
5
Y
8
3 11
Y
17
7 11
Y
57
1 3
Y
67
7 7
Y
61
2 3
5
Y
27
0 0
Y
17
4 7
Y
16
10 10
Y
57
1 10
Y
76
5 9
81 288
0 1 1
0 9 1
1 0 1
1 2 1
1 10 1
2 1 1
2 3 1
2 11 1
3 2 1
3 4 1
3 12 1
4 3 1
4 5 1
4 13 1
5 4 1
5 6 1
5 14 1
6 5 1
6 7 1
6 15 1
7 6 1
7 8 1
7 16 1
8 7 1
8 17 1
9 10 1
9 0 1
9 18 1
10 9 1
10 11 1
10 1 1
10 19 1
11 10 1
11 12 1
11 2 1
11 20 1
12 11 1
12 13 1
12 3 1
12 21 1
13 12 1
13 14 1
13 4 1
13 22 1
14 13 1
14 15 1
14 5 1
14 23 1
15 14 1
15 16 1
15 6 1
15 24 1
16 15 1
16 17 1
16 7 1
16 25 1
17 16 1
17 8 1
17 26 1
18 19 1
18 9 1
18 27 1
19 18 1
19 20 1
19 10 1
19 28 1
20 19 1
20 21 1
20 11 1
20 29 1
21 20 1
21 22 1
21 12 1
21 30 1
22 21 1
22 23 1
22 13 1
22 31 1
23 22 1
23 24 1
23 14 1
23 32 1
24 23 1
24 25 1
24 15 1
24 33 1
25 24 1
25 26 1
25 16 1
25 34 1
26 25 1
26 17 1
26 35 1
27 28 1
27 18 1
27 36 1
28 27 1
28 29 1
28 19 1
28 37 1
29 28 1
29 30 1
29 20 1
29 38 1
30 29 1
30 31 1
30 21 1
30 39 1
31 30 1
31 32 1
31 22 1
31 40 1
32 31 1
32 33 1
32 23 1
32 41 1
33 32 1
33 34 1
33 24 1
33 42 1
34 33 1
34 35 1
34 25 1
34 43 1
35 34 1
35 26 1
35 44 1
36 37 1
36 27 1
36 45 1
37 36 1
37 38 1
37 28 1
37 46 1
38 37 1
38 39 1
38 29 1
38 47 1
39 38 1
39 40 1
39 30 1
39 48 1
40 39 1
40 41 1
40 31 1
40 49 1
41 40 1
41 42 1
41 32 1
41 50 1
42 41 1
42 43 1
42 33 1
42 51 1
43 42 1
43 44 1
43 34 1
43 52 1
44 43 1
44 35 1
44 53 1
45 46 1
45 36 1
45 54 1
46 45 1
46 47 1
46 37 1
46 55 1
47 46 1
47 48 1
47 38 1
47 56 1
48 47 1
48 49 1
48 39 1
48 57 1
49 48 1
49 50 1
49 40 1
49 58 1
50 49 1
50 51 1
50 41 1
50 59 1
51 50 1
51 52 1
51 42 1
51 60 1
52 51 1
52 53 1
52 43 1
52 61 1
53 52 1
53 44 1
53 62 1
54 55 1
54 45 1
54 63 1
55 54 1
55 56 1
55 46 1
55 64 1
56 55 1
56 57 1
56 47 1
56 65 1
57 56 1
57 58 1
57 48 1
57 66 1
58 57 1
58 59 1
58 49 1
58 67 1
59 58 1
59 60 1
59 50 1
59 68 1
60 59 1
60 61 1
60 51 1
60 69 1
61 60 1
61 62 1
61 52 1
61 70 1
62 61 1
62 53 1
62 71 1
63 64 1
63 54 1
63 72 1
64 63 1
64 65 1
64 55 1
64 73 1
65 64 1
65 66 1
65 56 1
65 74 1
66 65 1
66 67 1
66 57 1
66 75 1
67 66 1
67 68 1
67 58 1
67 76 1
68 67 1
68 69 1
68 59 1
68 77 1
69 68 1
69 70 1
69 60 1
69 78 1
70 69 1
70 71 1
70 61 1
70 79 1
71 70 1
71 62 1
71 80 1
72 73 1
72 63 1
73 72 1
73 74 1
73 64 1
74 73 1
74 75 1
74 65 1
75 74 1
75 76 1
75 66 1
76 75 1
76 77 1
76 67 1
77 76 1
77 78 1
77 68 1
78 77 1
78 79 1
78 69 1
79 78 1
79 80 1
79 70 1
80 79 1
80 71 1
25
1
N
4
0 18
1
N
15
0 18
1
N
64
0 18
1
N
20
0 18
1
N
50
0 18
1
N
72
0 18
3
Y
1
5 6
N
1
0 4
N
1
7 18
1
N
27
0 18
1
N
57
0 18
1
N
63
0 18
3
Y
32
16 16
N
32
0 15
N
32
17 18
1
N
9
0 18
2
Y
40
0 2
N
40
3 18
1
N
78
0 18
1
N
38
0 18
1
N
6
0 18
1
N
11
0 18
1
N
69
0 18
4
Y
24
14 14
Y
24
14 14
N
24
0 13
N
24
15 18
1
N
19
0 18
1
N
67
0 18
5
Y
35
16 16
Y
75
13 14
Y
56
7 18
Y
50
5 14
Y
42
13 15
5
Y
50
5 14
Y
50
0 10
Y
47
16 18
Y
61
7 14
Y
41
4 18
5
Y
46
12 15
Y
54
3 8
Y
68
6 18
Y
78
5 15
Y
42
0 11
5
Y
0
8 17
Y
75
5 12
Y
58
10 14
Y
75
1 7
Y
38
8 14
81 288
0 1 1
0 9 1
1 0 1
1 2 1
1 10 1
2 1 1
2 3 1
2 11 1
3 2 1
3 4 1
3 12 1
4 3 1
4 5 1
4 13 1
5 4 1
5 6 1
5 14 1
6 5 1
6 7 1
6 15 1
7 6 1
7 8 1
7 16 1
8 7 1
8 17 1
9 10 1
9 0 1
9 18 1
10 9 1
10 11 1
10 1 1
10 19 1
11 10 1
11 12 1
11 2 1
11 20 1
12 11 1
12 13 1
12 3 1
12 21 1
13 12 1
13 14 1
13 4 1
13 22 1
14 13 1
14 15 1
14 5 1
14 23 1
15 14 1
15 16 1
15 6 1
15 24 1
16 15 1
16 17 1
16 7 1
16 25 1
17 16 1
17 8 1
17 26 1
18 19 1
18 9 1
18 27 1
19 18 1
19 20 1
19 10 1
19 28 1
20 19 1
20 21 1
20 11 1
20 29 1
21 20 1
21 22 1
21 12 1
21 30 1
22 21 1
22 23 1
22 13 1
22 31 1
23 22 1
23 24 1
23 14 1
23 32 1
24 23 1
24 25 1
24 15 1
24 33 1
25 24 1
25 26 1
25 16 1
25 34 1
26 25 1
26 17 1
26 35 1
27 28 1
27 18 1
27 36 1
28 27 1
28 29 1
28 19 1
28 37 1
29 28 1
29 30 1
29 20 1
29 38 1
30 29 1
30 31 1
30 21 1
30 39 1
31 30 1
31 32 1
31 22 1
31 40 1
32 31 1
32 33 1
32 23 1
32 41 1
33 32 1
33 34 1
33 24 1
33 42 1
34 33 1
34 35 1
34 25 1
34 43 1
35 34 1
35 26 1
35 44 1
36 37 1
36 27 1
36 45 1
37 36 1
37 38 1
37 28 1
37 46 1
38 37 1
38 39 1
38 29 1
38 47 1
39 38 1
39 40 1
39 30 1
39 48 1
40 39 1
40 41 1
40 31 1
40 49 1
41 40 1
41 42 1
41 32 1
41 50 1
42 41 1
42 43 1
42 33 1
42 51 1
43 42 1
43 44 1
43 34 1
43 52 1
44 43 1
44 35 1
44 53 1
45 46 1
45 36 1
45 54 1
46 45 1
46 47 1
46 37 1
46 55 1
47 46 1
47 48 1
47 38 1
47 56 1
48 47 1
48 49 1
48 39 1
48 57 1
49 48 1
49 50 1
49 40 1
49 58 1
50 49 1
50 51 1
50 41 1
50 59 1
51 50 1
51 52 1
51 42 1
51 60 1
52 51 1
52 53 1
52 43 1
52 61 1
53 52 1
53 44 1
53 62 1
54 55 1
54 45 1
54 63 1
55 54 1
55 56 1
55 46 1
55 64 1
56 55 1
56 57 1
56 47 1
56 65 1
57 56 1
57 58 1
57 48 1
57 66 1
58 57 1
58 59 1
58 49 1
58 67 1
59 58 1
59 60 1
59 50 1
59 68 1
60 59 1
60 61 1
60 51 1
60 69 1
61 60 1
61 62 1
61 52 1
61 70 1
62 61 1
62 53 1
62 71 1
63 64 1
63 54 1
63 72 1
64 63 1
64 65 1
64 55 1
64 73 1
65 64 1
65 66 1
65 56 1
65 74 1
66 65 1
66 67 1
66 57 1
66 75 1
67 66 1
67 68 1
67 58 1
67 76 1
68 67 1
68 69 1
68 59 1
68 77 1
69 68 1
69 70 1
69 60 1
69 78 1
70 69 1
70 71 1
70 61 1
70 79 1
71 70 1
71 62 1
71 80 1
72 73 1
72 63 1
73 72 1
73 74 1
73 64 1
74 73 1
74 75 1
74 65 1
75 74 1
75 76 1
75 66 1
76 75 1
76 77 1
76 67 1
77 76 1
77 78 1
77 68 1
78 77 1
78 79 1
78 69 1
79 78 1
79 80 1
79 70 1
80 79 1
80 71 1
25
1
N
33
0 12
1
N
47
0 12
3
Y
18
10 10
N
18
0 9
N
18
11 12
1
N
71
0 12
6
Y
40
0 0
Y
40
3 4
Y
40
8 8
N
40
1 2
N
40
5 7
N
40
9 12
1
N
27
0 12
1
N
45
0 12
1
N
53
0 12
1
N
3
0 12
1
N
37
0 12
1
N
15
0 12
1
N
51
0 12
1
N
10
0 12
1
N
72
0 12
1
N
31
0 12
1
N
44
0 12
1
N
25
0 12
1
N
16
0 12
1
N
6
0 12
1
N
79
0 12
5
Y
67
3 9
Y
58
2 7
Y
52
7 10
Y
8
2 5
Y
36
5 6
5
Y
80
1 3
Y
14
4 12
Y
63
0 4
Y
39
0 10
Y
63
5 11
5
Y
16
0 12
Y
26
2 6
Y
7
6 10
Y
48
2 12
Y
57
1 8
5
Y
9
5 7
Y
45
1 3
Y
34
0 2
Y
35
3 8
Y
56
2 12
5
Y
67
1 2
Y
80
0 0
Y
4
2 5
Y
32
1 9
Y
4
7 11
81 288
0 1 1
0 9 1
1 0 1
1 2 1
1 10 1
2 1 1
2 3 1
2 11 1
3 2 1
3 4 1
3 12 1
4 3 1
4 5 1
4 13 1
5 4 1
5 6 1
5 14 1
6 5 1
6 7 1
6 15 1
7 6 1
7 8 1
7 16 1
8 7 1
8 17 1
9 10 1
9 0 1
9 18 1
10 9 1
10 11 1
10 1 1
10 19 1
11 10 1
11 12 1
11 2 1
11 20 1
12 11 1
12 13 1
12 3 1
12 21 1
13 12 1
13 14 1
13 4 1
13 22 1
14 13 1
14 15 1
14 5 1
14 23 1
15 14 1
15 16 1
15 6 1
15 24 1
16 15 1
16 17 1
16 7 1
16 25 1
17 16 1
17 8 1
17 26 1
18 19 1
18 9 1
18 27 1
19 18 1
19 20 1
19 10 1
19 28 1
20 19 1
20 21 1
20 11 1
20 29 1
21 20 1
21 22 1
21 12 1
21 30 1
22 21 1
22 23 1
22 13 1
22 31 1
23 22 1
23 24 1
23 14 1
23 32 1
24 23 1
24 25 1
24 15 1
24 33 1
25 24 1
25 26 1
25 16 1
25 34 1
26 25 1
26 17 1
26 35 1
27 28 1
27 18 1
27 36 1
28 27 1
28 29 1
28 19 1
28 37 1
29 28 1
29 30 1
29 20 1
29 38 1
30 29 1
30 31 1
30 21 1
30 39 1
31 30 1
31 32 1
31 22 1
31 40 1
32 31 1
32 33 1
32 23 1
32 41 1
33 32 1
33 34 1
33 24 1
33 42 1
34 33 1
34 35 1
34 25 1
34 43 1
35 34 1
35 26 1
35 44 1
36 37 1
36 27 1
36 45 1
37 36 1
37 38 1
37 28 1
37 46 1
38 37 1
38 39 1
38 29 1
38 47 1
39 38 1
39 40 1
39 30 1
39 48 1
40 39 1
40 41 1
40 31 1
40 49 1
41 40 1
41 42 1
41 32 1
41 50 1
42 41 1
42 43 1
42 33 1
42 51 1
43 42 1
43 44 1
43 34 1
43 52 1
44 43 1
44 35 1
44 53 1
45 46 1
45 36 1
45 54 1
46 45 1
46 47 1
46 37 1
46 55 1
47 46 1
47 48 1
47 38 1
47 56 1
48 47 1
48 49 1
48 39 1
48 57 1
49 48 1
49 50 1
49 40 1
49 58 1
50 49 1
50 51 1
50 41 1
50 59 1
51 50 1
51 52 1
51 42 1
51 60 1
52 51 1
52 53 1
52 43 1
52 61 1
53 52 1
53 44 1
53 62 1
54 55 1
54 45 1
54 63 1
55 54 1
55 56 1
55 46 1
55 64 1
56 55 1
56 57 1
56 47 1
56 65 1
57 56 1
57 58 1
57 48 1
57 66 1
58 57 1
58 59 1
58 49 1
58 67 1
59 58 1
59 60 1
59 50 1
59 68 1
60 59 1
60 61 1
60 51 1
60 69 1
61 60 1
61 62 1
61 52 1
61 70 1
62 61 1
62 53 1
62 71 1
63 64 1
63 54 1
63 72 1
64 63 1
64 65 1
64 55 1
64 73 1
65 64 1
65 66 1
65 56 1
65 74 1
66 65 1
66 67 1
66 57 1
66 75 1
67 66 1
67 68 1
67 58 1
67 76 1
68 67 1
68 69 1
68 59 1
68 77 1
69 68 1
69 70 1
69 60 1
69 78 1
70 69 1
70 71 1
70 61 1
70 79 1
71 70 1
71 62 1
71 80 1
72 73 1
72 63 1
73 72 1
73 74 1
73 64 1
74 73 1
74 75 1
74 65 1
75 74 1
75 76 1
75 66 1
76 75 1
76 77 1
76 67 1
77 76 1
77 78 1
77 68 1
78 77 1
78 79 1
78 69 1
79 78 1
79 80 1
79 70 1
80 79 1
80 71 1
25
1
N
63
0 18
3
Y
79
17 17
N
79
0 16
N
79
18 18
1
N
46
0 18
1
N
59
0 18
3
Y
27
16 16
N
27
0 15
N
27
17 18
3
Y
74
12 12
N
74
0 11
N
74
13 18
1
N
5
0 18
3
Y
78
16 16
N
78
0 15
N
78
17 18
3
Y
15
5 8
N
15
0 4
N
15
9 18
3
Y
19
16 16
N
19
0 15
N
19
17 18
1
N
57
0 18
1
N
55
0 18
1
N
37
0 18
1
N
16
0 18
5
Y
76
7 10
Y
76
14 14
N
76
0 6
N
76
11 13
N
76
15 18
1
N
62
0 18
1
N
31
0 18
1
N
65
0 18
2
Y
45
18 18
N
45
0 17
1
N
50
0 18
1
N
44
0 18
1
N
38
0 18
1
N
42
0 18
2
Y
13
0 2
N
13
3 18
1
N
9
0 18
81 288
0 1 1
0 9 1
1 0 1
1 2 1
1 10 1
2 1 1
2 3 1
2 11 1
3 2 1
3 4 1
3 12 1
4 3 1
4 5 1
4 13 1
5 4 1
5 6 1
5 14 1
6 5 1
6 7 1
6 15 1
7 6 1
7 8 1
7 16 1
8 7 1
8 17 1
9 10 1
9 0 1
9 18 1
10 9 1
10 11 1
10 1 1
10 19 1
11 10 1
11 12 1
11 2 1
11 20 1
12 11 1
12 13 1
12 3 1
12 21 1
13 12 1
13 14 1
13 4 1
13 22 1
14 13 1
14 15 1
14 5 1
14 23 1
15 14 1
15 16 1
15 6 1
15 24 1
16 15 1
16 17 1
16 7 1
16 25 1
17 16 1
17 8 1
17 26 1
18 19 1
18 9 1
18 27 1
19 18 1
19 20 1
19 10 1
19 28 1
20 19 1
20 21 1
20 11 1
20 29 1
21 20 1
21 22 1
21 12 1
21 30 1
22 21 1
22 23 1
22 13 1
22 31 1
23 22 1
23 24 1
23 14 1
23 32 1
24 23 1
24 25 1
24 15 1
24 33 1
25 24 1
25 26 1
25 16 1
25 34 1
26 25 1
26 17 1
26 35 1
27 28 1
27 18 1
27 36 1
28 27 1
28 29 1
28 19 1
28 37 1
29 28 1
29 30 1
29 20 1
29 38 1
30 29 1
30 31 1
30 21 1
30 39 1
31 30 1
31 32 1
31 22 1
31 40 1
32 31 1
32 33 1
32 23 1
32 41 1
33 32 1
33 34 1
33 24 1
33 42 1
34 33 1
34 35 1
34 25 1
34 43 1
35 34 1
35 26 1
35 44 1
36 37 1
36 27 1
36 45 1
37 36 1
37 38 1
37 28 1
37 46 1
38 37 1
38 39 1
38 29 1
38 47 1
39 38 1
39 40 1
39 30 1
39 48 1
40 39 1
40 41 1
40 31 1
40 49 1
41 40 1
41 42 1
41 32 1
41 50 1
42 41 1
42 43 1
42 33 1
42 51 1
43 42 1
43 44 1
43 34 1
43 52 1
44 43 1
44 35 1
44 53 1
45 46 1
45 36 1
45 54 1
46 45 1
46 47 1
46 37 1
46 55 1
47 46 1
47 48 1
47 38 1
47 56 1
48 47 1
48 49 1
48 39 1
48 57 1
49 48 1
49 50 1
49 40 1
49 58 1
50 49 1
50 51 1
50 41 1
50 59 1
51 50 1
51 52 1
51 42 1
51 60 1
52 51 1
52 53 1
52 43 1
52 61 1
53 52 1
53 44 1
53 62 1
54 55 1
54 45 1
54 63 1
55 54 1
55 56 1
55 46 1
55 64 1
56 55 1
56 57 1
56 47 1
56 65 1
57 56 1
57 58 1
57 48 1
57 66 1
58 57 1
58 59 1
58 49 1
58 67 1
59 58 1
59 60 1
59 50 1
59 68 1
60 59 1
60 61 1
60 51 1
60 69 1
61 60 1
61 62 1
61 52 1
61 70 1
62 61 1
62 53 1
62 71 1
63 64 1
63 54 1
63 72 1
64 63 1
64 65 1
64 55 1
64 73 1
65 64 1
65 66 1
65 56 1
65 74 1
66 65 1
66 67 1
66 57 1
66 75 1
67 66 1
67 68 1
67 58 1
67 76 1
68 67 1
68 69 1
68 59 1
68 77 1
69 68 1
69 70 1
69 60 1
69 78 1
70 69 1
70 71 1
70 61 1
70 79 1
71 70 1
71 62 1
71 80 1
72 73 1
72 63 1
73 72 1
73 74 1
73 64 1
74 73 1
74 75 1
74 65 1
75 74 1
75 76 1
75 66 1
76 75 1
76 77 1
76 67 1
77 76 1
77 78 1
77 68 1
78 77 1
78 79 1
78 69 1
79 78 1
79 80 1
79 70 1
80 79 1
80 71 1
25
1
N
73
0 15
1
N
46
0 15
1
N
78
0 15
1
N
3
0 15
3
Y
76
11 11
N
76
0 10
N
76
12 15
3
Y
58
1 1
N
58
0 0
N
58
2 15
5
Y
50
14 14
Y
50
12 12
N
50
0 11
N
50
13 13
N
50
15 15
1
N
2
0 15
3
Y
9
14 14
N
9
0 13
N
9
15 15
1
N
69
0 15
1
N
16
0 15
1
N
44
0 15
1
N
45
0 15
1
N
52
0 15
1
N
65
0 15
1
N
55
0 15
1
N
47
0 15
1
N
57
0 15
2
Y
40
0 0
N
40
1 15
1
N
25
0 15
1
N
43
0 15
1
N
70
0 15
3
Y
59
13 13
N
59
0 12
N
59
14 15
1
N
79
0 15
5
Y
64
2 5
Y
37
13 14
Y
47
9 11
Y
54
4 9
Y
61
3 11
81 288
0 1 1
0 9 1
1 0 1
1 2 1
1 10 1
2 1 1
2 3 1
2 11 1
3 2 1
3 4 1
3 12 1
4 3 1
4 5 1
4 13 1
5 4 1
5 6 1
5 14 1
6 5 1
6 7 1
6 15 1
7 6 1
7 8 1
7 16 1
8 7 1
8 17 1
9 10 1
9 0 1
9 18 1
10 9 1
10 11 1
10 1 1
10 19 1
11 10 1
11 12 1
11 2 1
11 20 1
12 11 1
12 13 1
12 3 1
12 21 1
13 12 1
13 14 1
13 4 1
13 22 1
14 13 1
14 15 1
14 5 1
14 23 1
15 14 1
15 16 1
15 6 1
15 24 1
16 15 1
16 17 1
16 7 1
16 25 1
17 16 1
17 8 1
17 26 1
18 19 1
18 9 1
18 27 1
19 18 1
19 20 1
19 10 1
19 28 1
20 19 1
20 21 1
20 11 1
20 29 1
21 20 1
21 22 1
21 12 1
21 30 1
22 21 1
22 23 1
22 13 1
22 31 1
23 22 1
23 24 1
23 14 1
23 32 1
24 23 1
24 25 1
24 15 1
24 33 1
25 24 1
25 26 1
25 16 1
25 34 1
26 25 1
26 17 1
26 35 1
27 28 1
27 18 1
27 36 1
28 27 1
28 29 1
28 19 1
28 37 1
29 28 1
29 30 1
29 20 1
29 38 1
30 29 1
30 31 1
30 21 1
30 39 1
31 30 1
31 32 1
31 22 1
31 40 1
32 31 1
32 33 1
32 23 1
32 41 1
33 32 1
33 34 1
33 24 1
33 42 1
34 33 1
34 35 1
34 25 1
34 43 1
35 34 1
35 26 1
35 44 1
36 37 1
36 27 1
36 45 1
37 36 1
37 38 1
37 28 1
37 46 1
38 37 1
38 39 1
38 29 1
38 47 1
39 38 1
39 40 1
39 30 1
39 48 1
40 39 1
40 41 1
40 31 1
40 49 1
41 40 1
41 42 1
41 32 1
41 50 1
42 41 1
42 43 1
42 33 1
42 51 1
43 42 1
43 44 1
43 34 1
43 52 1
44 43 1
44 35 1
44 53 1
45 46 1
45 36 1
45 54 1
46 45 1
46 47 1
46 37 1
46 55 1
47 46 1
47 48 1
47 38 1
47 56 1
48 47 1
48 49 1
48 39 1
48 57 1
49 48 1
49 50 1
49 40 1
49 58 1
50 49 1
50 51 1
50 41 1
50 59 1
51 50 1
51 52 1
51 42 1
51 60 1
52 51 1
52 53 1
52 43 1
52 61 1
53 52 1
53 44 1
53 62 1
54 55 1
54 45 1
54 63 1
55 54 1
55 56 1
55 46 1
55 64 1
56 55 1
56 57 1
56 47 1
56 65 1
57 56 1
57 58 1
57 48 1
57 66 1
58 57 1
58 59 1
58 49 1
58 67 1
59 58 1
59 60 1
59 50 1
59 68 1
60 59 1
60 61 1
60 51 1
60 69 1
61 60 1
61 62 1
61 52 1
61 70 1
62 61 1
62 53 1
62 71 1
63 64 1
63 54 1
63 72 1
64 63 1
64 65 1
64 55 1
64 73 1
65 64 1
65 66 1
65 56 1
65 74 1
66 65 1
66 67 1
66 57 1
66 75 1
67 66 1
67 68 1
67 58 1
67 76 1
68 67 1
68 69 1
68 59 1
68 77 1
69 68 1
69 70 1
69 60 1
69 78 1
70 69 1
70 71 1
70 61 1
70 79 1
71 70 1
71 62 1
71 80 1
72 73 1
72 63 1
73 72 1
73 74 1
73 64 1
74 73 1
74 75 1
74 65 1
75 74 1
75 76 1
75 66 1
76 75 1
76 77 1
76 67 1
77 76 1
77 78 1
77 68 1
78 77 1
78 79 1
78 69 1
79 78 1
79 80 1
79 70 1
80 79 1
80 71 1
25
1
N
73
0 18
1
N
30
0 18
1
N
66
0 18
1
N
56
0 18
3
Y
39
14 14
N
39
0 13
N
39
15 18
3
Y
4
5 6
N
4
0 4
N
4
7 18
1
N
63
0 18
1
N
18
0 18
1
N
72
0 18
1
N
34
0 18
1
N
68
0 18
1
N
6
0 18
1
N
47
0 18
1
N
75
0 18
1
N
69
0 18
1
N
20
0 18
1
N
7
0 18
1
N
22
0 18
1
N
58
0 18
1
N
32
0 18
1
N
25
0 18
3
Y
42
11 11
N
42
0 10
N
42
12 18
2
Y
40
0 0
N
40
1 18
5
Y
31
3 14
Y
63
3 7
Y
71
5 18
Y
67
4 18
Y
59
3 17
5
Y
71
6 13
Y
71
0 11
Y
61
5 5
Y
48
6 11
Y
76
0 2
81 288
0 1 1
0 9 1
1 0 1
1 2 1
1 10 1
2 1 1
2 3 1
2 11 1
3 2 1
3 4 1
3 12 1
4 3 1
4 5 1
4 13 1
5 4 1
5 6 1
5 14 1
6 5 1
6 7 1
6 15 1
7 6 1
7 8 1
7 16 1
8 7 1
8 17 1
9 10 1
9 0 1
9 18 1
10 9 1
10 11 1
10 1 1
10 19 1
11 10 1
11 12 1
11 2 1
11 20 1
12 11 1
12 13 1
12 3 1
12 21 1
13 12 1
13 14 1
13 4 1
13 22 1
14 13 1
14 15 1
14 5 1
14 23 1
15 14 1
15 16 1
15 6 1
15 24 1
16 15 1
16 17 1
16 7 1
16 25 1
17 16 1
17 8 1
17 26 1
18 19 1
18 9 1
18 27 1
19 18 1
19 20 1
19 10 1
19 28 1
20 19 1
20 21 1
20 11 1
20 29 1
21 20 1
21 22 1
21 12 1
21 30 1
22 21 1
22 23 1
22 13 1
22 31 1
23 22 1
23 24 1
23 14 1
23 32 1
24 23 1
24 25 1
24 15 1
24 33 1
25 24 1
25 26 1
25 16 1
25 34 1
26 25 1
26 17 1
26 35 1
27 28 1
27 18 1
27 36 1
28 27 1
28 29 1
28 19 1
28 37 1
29 28 1
29 30 1
29 20 1
29 38 1
30 29 1
30 31 1
30 21 1
30 39 1
31 30 1
31 32 1
31 22 1
31 40 1
32 31 1
32 33 1
32 23 1
32 41 1
33 32 1
33 34 1
33 24 1
33 42 1
34 33 1
34 35 1
34 25 1
34 43 1
35 34 1
35 26 1
35 44 1
36 37 1
36 27 1
36 45 1
37 36 1
37 38 1
37 28 1
37 46 1
38 37 1
38 39 1
38 29 1
38 47 1
39 38 1
39 40 1
39 30 1
39 48 1
40 39 1
40 41 1
40 31 1
40 49 1
41 40 1
41 42 1
41 32 1
41 50 1
42 41 1
42 43 1
42 33 1
42 51 1
43 42 1
43 44 1
43 34 1
43 52 1
44 43 1
44 35 1
44 53 1
45 46 1
45 36 1
45 54 1
46 45 1
46 47 1
46 37 1
46 55 1
47 46 1
47 48 1
47 38 1
47 56 1
48 47 1
48 49 1
48 39 1
48 57 1
49 48 1
49 50 1
49 40 1
49 58 1
50 49 1
50 51 1
50 41 1
50 59 1
51 50 1
51 52 1
51 42 1
51 60 1
52 51 1
52 53 1
52 43 1
52 61 1
53 52 1
53 44 1
53 62 1
54 55 1
54 45 1
54 63 1
55 54 1
55 56 1
55 46 1
55 64 1
56 55 1
56 57 1
56 47 1
56 65 1
57 56 1
57 58 1
57 48 1
57 66 1
58 57 1
58 59 1
58 49 1
58 67 1
59 58 1
59 60 1
59 50 1
59 68 1
60 59 1
60 61 1
60 51 1
60 69 1
61 60 1
61 62 1
61 52 1
61 70 1
62 61 1
62 53 1
62 71 1
63 64 1
63 54 1
63 72 1
64 63 1
64 65 1
64 55 1
64 73 1
65 64 1
65 66 1
65 56 1
65 74 1
66 65 1
66 67 1
66 57 1
66 75 1
67 66 1
67 68 1
67 58 1
67 76 1
68 67 1
68 69 1
68 59 1
68 77 1
69 68 1
69 70 1
69 60 1
69 78 1
70 69 1
70 71 1
70 61 1
70 79 1
71 70 1
71 62 1
71 80 1
72 73 1
72 63 1
73 72 1
73 74 1
73 64 1
74 73 1
74 75 1
74 65 1
75 74 1
75 76 1
75 66 1
76 75 1
76 77 1
76 67 1
77 76 1
77 78 1
77 68 1
78 77 1
78 79 1
78 69 1
79 78 1
79 80 1
79 70 1
80 79 1
80 71 1
25
1
N
31
0 18
3
Y
7
17 17
N
7
0 16
N
7
18 18
3
Y
61
14 15
N
61
0 13
N
61
16 18
3
Y
29
9 9
N
29
0 8
N
29
10 18
1
N
17
0 18
2
Y
47
0 1
N
47
2 18
1
N
21
0 18
2
Y
68
18 18
N
68
0 17
1
N
78
0 18
1
N
57
0 18
1
N
34
0 18
1
N
55
0 18
1
N
58
0 18
1
N
76
0 18
1
N
74
0 18
1
N
36
0 18
3
Y
28
17 17
N
28
0 16
N
28
18 18
3
Y
12
12 12
N
12
0 11
N
12
13 18
2
Y
40
0 0
N
40
1 18
1
N
51
0 18
1
N
1
0 18
1
N
27
0 18
5
Y
50
9 13
Y
52
12 16
Y
45
0 17
Y
23
5 8
Y
34
2 14
5
Y
1
4 8
Y
65
0 4
Y
49
11 13
Y
13
16 18
Y
3
16 17
5
Y
43
14 17
Y
17
5 15
Y
17
14 18
Y
26
4 13
Y
67
7 13
81 288
0 1 1
0 9 1
1 0 1
1 2 1
1 10 1
2 1 1
2 3 1
2 11 1
3 2 1
3 4 1
3 12 1
4 3 1
4 5 1
4 13 1
5 4 1
5 6 1
5 14 1
6 5 1
6 7 1
6 15 1
7 6 1
7 8 1
7 16 1
8 7 1
8 17 1
9 10 1
9 0 1
9 18 1
10 9 1
10 11 1
10 1 1
10 19 1
11 10 1
11 12 1
11 2 1
11 20 1
12 11 1
12 13 1
12 3 1
12 21 1
13 12 1
13 14 1
13 4 1
13 22 1
14 13 1
14 15 1
14 5 1
14 23 1
15 14 1
15 16 1
15 6 1
15 24 1
16 15 1
16 17 1
16 7 1
16 25 1
17 16 1
17 8 1
17 26 1
18 19 1
18 9 1
18 27 1
19 18 1
19 20 1
19 10 1
19 28 1
20 19 1
20 21 1
20 11 1
20 29 1
21 20 1
21 22 1
21 12 1
21 30 1
22 21 1
22 23 1
22 13 1
22 31 1
23 22 1
23 24 1
23 14 1
23 32 1
24 23 1
24 25 1
24 15 1
24 33 1
25 24 1
25 26 1
25 16 1
25 34 1
26 25 1
26 17 1
26 35 1
27 28 1
27 18 1
27 36 1
28 27 1
28 29 1
28 19 1
28 37 1
29 28 1
29 30 1
29 20 1
29 38 1
30 29 1
30 31 1
30 21 1
30 39 1
31 30 1
31 32 1
31 22 1
31 40 1
32 31 1
32 33 1
32 23 1
32 41 1
33 32 1
33 34 1
33 24 1
33 42 1
34 33 1
34 35 1
34 25 1
34 43 1
35 34 1
35 26 1
35 44 1
36 37 1
36 27 1
36 45 1
37 36 1
37 38 1
37 28 1
37 46 1
38 37 1
38 39 1
38 29 1
38 47 1
39 38 1
39 40 1
39 30 1
39 48 1
40 39 1
40 41 1
40 31 1
40 49 1
41 40 1
41 42 1
41 32 1
41 50 1
42 41 1
42 43 1
42 33 1
42 51 1
43 42 1
43 44 1
43 34 1
43 52 1
44 43 1
44 35 1
44 53 1
45 46 1
45 36 1
45 54 1
46 45 1
46 47 1
46 37 1
46 55 1
47 46 1
47 48 1
47 38 1
47 56 1
48 47 1
48 49 1
48 39 1
48 57 1
49 48 1
49 50 1
49 40 1
49 58 1
50 49 1
50 51 1
50 41 1
50 59 1
51 50 1
51 52 1
51 42 1
51 60 1
52 51 1
52 53 1
52 43 1
52 61 1
53 52 1
53 44 1
53 62 1
54 55 1
54 45 1
54 63 1
55 54 1
55 56 1
55 46 1
55 64 1
56 55 1
56 57 1
56 47 1
56 65 1
57 56 1
57 58 1
57 48 1
57 66 1
58 57 1
58 59 1
58 49 1
58 67 1
59 58 1
59 60 1
59 50 1
59 68 1
60 59 1
60 61 1
60 51 1
60 69 1
61 60 1
61 62 1
61 52 1
61 70 1
62 61 1
62 53 1
62 71 1
63 64 1
63 54 1
63 72 1
64 63 1
64 65 1
64 55 1
64 73 1
65 64 1
65 66 1
65 56 1
65 74 1
66 65 1
66 67 1
66 57 1
66 75 1
67 66 1
67 68 1
67 58 1
67 76 1
68 67 1
68 69 1
68 59 1
68 77 1
69 68 1
69 70 1
69 60 1
69 78 1
70 69 1
70 71 1
70 61 1
70 79 1
71 70 1
71 62 1
71 80 1
72 73 1
72 63 1
73 72 1
73 74 1
73 64 1
74 73 1
74 75 1
74 65 1
75 74 1
75 76 1
75 66 1
76 75 1
76 77 1
76 67 1
77 76 1
77 78 1
77 68 1
78 77 1
78 79 1
78 69 1
79 78 1
79 80 1
79 70 1
80 79 1
80 71 1
25
3
Y
16
11 11
N
16
0 10
N
16
12 13
1
N
28
0 13
4
Y
40
0 1
Y
40
5 5
N
40
2 4
N
40
6 13
1
N
62
0 13
1
N
0
0 13
1
N
69
0 13
1
N
3
0 13
1
N
27
0 13
1
N
78
0 13
1
N
45
0 13
1
N
14
0 13
1
N
68
0 13
1
N
71
0 13
1
N
51
0 13
1
N
23
0 13
3
Y
33
8 8
N
33
0 7
N
33
9 13
1
N
11
0 13
1
N
43
0 13
1
N
6
0 13
3
Y
24
9 9
N
24
0 8
N
24
10 13
1
N
60
0 13
5
Y
62
1 11
Y
38
4 5
Y
73
5 9
Y
48
1 5
Y
53
2 6
5
Y
16
2 13
Y
60
11 12
Y
19
1 7
Y
50
1 1
Y
63
2 9
5
Y
52
11 12
Y
3
2 4
Y
24
4 8
Y
29
9 12
Y
26
1 7
5
Y
46
1 9
Y
59
8 9
Y
70
5 8
Y
10
3 7
Y
8
1 1
81 288
0 1 1
0 9 1
1 0 1
1 2 1
1 10 1
2 1 1
2 3 1
2 11 1
3 2 1
3 4 1
3 12 1
4 3 1
4 5 1
4 13 1
5 4 1
5 6 1
5 14 1
6 5 1
6 7 1
6 15 1
7 6 1
7 8 1
7 16 1
8 7 1
8 17 1
9 10 1
9 0 1
9 18 1
10 9 1
10 11 1
10 1 1
10 19 1
11 10 1
11 12 1
11 2 1
11 20 1
12 11 1
12 13 1
12 3 1
12 21 1
13 12 1
13 14 1
13 4 1
13 22 1
14 13 1
14 15 1
14 5 1
14 23 1
15 14 1
15 16 1
15 6 1
15 24 1
16 15 1
16 17 1
16 7 1
16 25 1
17 16 1
17 8 1
17 26 1
18 19 1
18 9 1
18 27 1
19 18 1
19 20 1
19 10 1
19 28 1
20 19 1
20 21 1
20 11 1
20 29 1
21 20 1
21 22 1
21 12 1
21 30 1
22 21 1
22 23 1
22 13 1
22 31 1
23 22 1
23 24 1
23 14 1
23 32 1
24 23 1
24 25 1
24 15 1
24 33 1
25 24 1
25 26 1
25 16 1
25 34 1
26 25 1
26 17 1
26 35 1
27 28 1
27 18 1
27 36 1
28 27 1
28 29 1
28 19 1
28 37 1
29 28 1
29 30 1
29 20 1
29 38 1
30 29 1
30 31 1
30 21 1
30 39 1
31 30 1
31 32 1
31 22 1
31 40 1
32 31 1
32 33 1
32 23 1
32 41 1
33 32 1
33 34 1
33 24 1
33 42 1
34 33 1
34 35 1
34 25 1
34 43 1
35 34 1
35 26 1
35 44 1
36 37 1
36 27 1
36 45 1
37 36 1
37 38 1
37 28 1
37 46 1
38 37 1
38 39 1
38 29 1
38 47 1
39 38 1
39 40 1
39 30 1
39 48 1
40 39 1
40 41 1
40 31 1
40 49 1
41 40 1
41 42 1
41 32 1
41 50 1
42 41 1
42 43 1
42 33 1
42 51 1
43 42 1
43 44 1
43 34 1
43 52 1
44 43 1
44 35 1
44 53 1
45 46 1
45 36 1
45 54 1
46 45 1
46 47 1
46 37 1
46 55 1
47 46 1
47 48 1
47 38 1
47 56 1
48 47 1
48 49 1
48 39 1
48 57 1
49 48 1
49 50 1
49 40 1
49 58 1
50 49 1
50 51 1
50 41 1
50 59 1
51 50 1
51 52 1
51 42 1
51 60 1
52 51 1
52 53 1
52 43 1
52 61 1
53 52 1
53 44 1
53 62 1
54 55 1
54 45 1
54 63 1
55 54 1
55 56 1
55 46 1
55 64 1
56 55 1
56 57 1
56 47 1
56 65 1
57 56 1
57 58 1
57 48 1
57 66 1
58 57 1
58 59 1
58 49 1
58 67 1
59 58 1
59 60 1
59 50 1
59 68 1
60 59 1
60 61 1
60 51 1
60 69 1
61 60 1
61 62 1
61 52 1
61 70 1
62 61 1
62 53 1
62 71 1
63 64 1
63 54 1
63 72 1
64 63 1
64 65 1
64 55 1
64 73 1
65 64 1
65 66 1
65 56 1
65 74 1
66 65 1
66 67 1
66 57 1
66 75 1
67 66 1
67 68 1
67 58 1
67 76 1
68 67 1
68 69 1
68 59 1
68 77 1
69 68 1
69 70 1
69 60 1
69 78 1
70 69 1
70 71 1
70 61 1
70 79 1
71 70 1
71 62 1
71 80 1
72 73 1
72 63 1
73 72 1
73 74 1
73 64 1
74 73 1
74 75 1
74 65 1
75 74 1
75 76 1
75 66 1
76 75 1
76 77 1
76 67 1
77 76 1
77 78 1
77 68 1
78 77 1
78 79 1
78 69 1
79 78 1
79 80 1
79 70 1
80 79 1
80 71 1
25
1
N
77
0 10
1
N
1
0 10
1
N
68
0 10
1
N
46
0 10
1
N
52
0 10
3
Y
28
6 6
N
28
0 5
N
28
7 10
1
N
66
0 10
3
Y
27
7 7
N
27
0 6
N
27
8 10
1
N
12
0 10
3
Y
33
5 5
N
33
0 4
N
33
6 10
1
N
69
0 10
1
N
11
0 10
2
Y
17
0 3
N
17
4 10
1
N
3
0 10
1
N
14
0 10
1
N
78
0 10
1
N
76
0 10
1
N
71
0 10
1
N
61
0 10
1
N
79
0 10
5
Y
20
4 10
Y
25
6 8
Y
74
2 6
Y
30
0 1
Y
2
3 4
5
Y
53
0 4
Y
54
10 10
Y
36
4 4
Y
1
4 4
Y
55
9 9
5
Y
3
4 8
Y
43
2 5
Y
27
2 7
Y
24
6 8
Y
65
3 9
5
Y
44
2 9
Y
16
1 8
Y
61
3 5
Y
17
4 9
Y
11
5 7
5
Y
32
6 8
Y
41
0 3
Y
68
1 6
Y
27
0 2
Y
55
0 7
